347	0.0419616531459
17	0.419117647059
10	0.888888888889
17	0.632352941176
10	0.866666666667
13	0.333333333333
6	0.933333333333
20	0.431578947368
8	0.678571428571
57	0.397243107769
10	0.822222222222
1	0.0
1	0.0
31	0.651612903226
15	0.742857142857
1	0.0
9	0.666666666667
13	0.730769230769
1	0.0
16	0.283333333333
15	0.685714285714
65	0.349038461538
11	0.472727272727
17	0.169117647059
16	0.9
69	0.288576300085
68	0.41132572432
5	0.9
13	0.769230769231
13	0.461538461538
17	0.5
23	0.434782608696
6	1.0
2	1.0
5	0.6
2	1.0
11	0.963636363636
1	0.0
9	0.361111111111
15	0.495238095238
44	0.404862579281
24	0.467391304348
2	1.0
1	0.0
6	1.0
12	0.727272727273
5	1.0
2	1.0
22	0.329004329004
4	0.5
11	0.563636363636
7	0.857142857143
2	1.0
31	0.382795698925
8	0.571428571429
17	0.830882352941
78	0.348651348651
15	0.52380952381
12	0.272727272727
19	0.777777777778
8	0.678571428571
3	0.666666666667
26	0.523076923077
6	1.0
7	0.952380952381
12	0.5
15	0.87619047619
76	0.361403508772
9	0.833333333333
10	0.644444444444
2	1.0
3	1.0
24	0.605072463768
10	0.533333333333
1	0.0
14	0.758241758242
3	1.0
6	0.6
9	1.0
12	0.939393939394
23	0.521739130435
3	0.666666666667
34	0.417112299465
7	0.857142857143
13	0.423076923077
14	0.648351648352
6	1.0
13	0.641025641026
20	0.336842105263
8	0.678571428571
2	1.0
8	0.678571428571
21	0.77619047619
8	0.857142857143
22	0.666666666667
6	0.866666666667
9	0.388888888889
3	0.666666666667
49	0.524659863946
13	0.641025641026
9	0.611111111111
19	0.830409356725
6	1.0
16	0.55
32	0.608870967742
14	0.67032967033
8	0.428571428571
1045	0.0490384791655
13	0.794871794872
37	0.53003003003
5	1.0
14	0.56043956044
3	1.0
40	0.537179487179
1	0.0
21	0.533333333333
17	0.661764705882
6	0.466666666667
36	0.536507936508
62	0.287149656267
4	0.5
12	0.469696969697
63	0.385560675883
18	0.692810457516
4	0.5
4	0.666666666667
7	0.761904761905
16	0.733333333333
28	0.595238095238
7	0.904761904762
16	0.358333333333
7	1.0
16	0.4
18	0.588235294118
19	0.707602339181
10	1.0
133	0.321371610845
16	0.533333333333
2	1.0
9	0.972222222222
11	0.890909090909
28	0.555555555556
43	0.530454042082
12	0.606060606061
15	0.704761904762
2	1.0
10	0.466666666667
6	0.933333333333
20	0.421052631579
14	0.78021978022
11	0.563636363636
7	0.904761904762
5	0.7
2	1.0
2	1.0
3	0.666666666667
12	0.530303030303
3	0.666666666667
25	0.356666666667
14	0.626373626374
2	1.0
25	0.546666666667
8	0.857142857143
6	0.533333333333
3	0.666666666667
11	0.6
4	0.666666666667
7	0.904761904762
11	0.690909090909
38	0.439544807966
46	0.471497584541
22	0.21645021645
41	0.459756097561
12	0.242424242424
4	0.833333333333
17	0.426470588235
14	0.725274725275
11	0.763636363636
13	0.461538461538
3	0.666666666667
20	0.757894736842
10	0.866666666667
3	0.666666666667
2	1.0
18	0.633986928105
26	0.538461538462
44	0.497885835095
16	0.858333333333
48	0.455673758865
7	0.952380952381
4	0.5
3	1.0
5	0.4
5	0.7
19	0.824561403509
9	1.0
13	0.717948717949
16	0.741666666667
12	0.469696969697
47	0.471785383904
57	0.434210526316
4	1.0
4	0.666666666667
57	0.428571428571
22	0.588744588745
2	1.0
4	0.5
3	1.0
7	0.857142857143
1	0.0
1	0.0
30	0.6
18	0.699346405229
39	0.303643724696
17	0.566176470588
1	0.0
2	1.0
8	0.821428571429
9	1.0
6	0.733333333333
4	1.0
8	0.857142857143
11	0.745454545455
27	0.720797720798
28	0.521164021164
10	0.844444444444
14	0.813186813187
15	0.542857142857
3	1.0
6	0.533333333333
9	0.277777777778
21	0.452380952381
25	0.62
2	1.0
2	1.0
5	0.8
37	0.40990990991
7	0.857142857143
23	0.715415019763
59	0.418468731736
3	0.666666666667
2	1.0
24	0.597826086957
8	0.642857142857
2	1.0
5	0.7
14	0.593406593407
3	0.666666666667
21	0.504761904762
24	0.626811594203
5	0.8
14	0.78021978022
65	0.403365384615
3	0.666666666667
17	0.904411764706
2	1.0
2	1.0
18	0.503267973856
15	0.485714285714
8	0.678571428571
8	0.392857142857
38	0.475106685633
4	1.0
7	0.952380952381
5	1.0
27	0.641025641026
18	0.882352941176
2	1.0
11	0.909090909091
6	0.466666666667
4	0.833333333333
73	0.38698630137
45	0.353535353535
9	1.0
14	0.56043956044
10	0.866666666667
18	0.751633986928
65	0.346634615385
10	0.8
2	1.0
43	0.467331118494
16	0.741666666667
2	1.0
5	0.6
16	0.7
47	0.432932469935
2	1.0
1	0.0
4	0.833333333333
4	0.833333333333
14	0.824175824176
36	0.380952380952
1	0.0
3	1.0
3	0.666666666667
10	0.533333333333
7	0.952380952381
25	0.72
11	0.945454545455
20	0.684210526316
7	0.761904761905
3	0.666666666667
20	0.752631578947
21	0.580952380952
55	0.387205387205
2	1.0
9	1.0
4	0.666666666667
24	0.474637681159
10	1.0
13	0.538461538462
7	0.52380952381
26	0.427692307692
37	0.501501501502
13	0.423076923077
56	0.316233766234
2	1.0
7	0.52380952381
11	0.527272727273
8	0.678571428571
21	0.480952380952
3	1.0
72	0.29186228482
39	0.484480431849
26	0.366153846154
39	0.601889338731
19	0.666666666667
4	1.0
9	1.0
30	0.225287356322
16	0.825
20	0.526315789474
43	0.420819490587
8	0.785714285714
28	0.510582010582
1	0.0
3	1.0
9	0.805555555556
7	0.666666666667
27	0.259259259259
6	0.733333333333
12	0.772727272727
34	0.577540106952
18	0.633986928105
9	0.5
16	0.65
27	0.529914529915
7	0.809523809524
229	0.123036849766
5	0.9
21	0.395238095238
5	0.8
23	0.770750988142
102	0.31721995729
26	0.64
39	0.477732793522
3	0.666666666667
18	0.771241830065
1	0.0
26	0.541538461538
43	0.528239202658
23	0.632411067194
19	0.549707602339
96	0.31951754386
9	0.805555555556
6	0.733333333333
97	0.335266323024
32	0.473790322581
34	0.588235294118
26	0.461538461538
71	0.468812877264
5	0.7
17	0.426470588235
94	0.383893845802
68	0.498244073749
17	0.926470588235
133	0.263157894737
2	1.0
62	0.526176626124
2	1.0
11	0.945454545455
12	0.939393939394
12	0.818181818182
3	0.666666666667
4	0.833333333333
8	0.892857142857
3	0.666666666667
36	0.680952380952
38	0.563300142248
48	0.284574468085
6	0.8
61	0.525136612022
39	0.651821862348
7	1.0
36	0.525396825397
77	0.416267942584
27	0.609686609687
47	0.31914893617
33	0.662878787879
8	0.928571428571
73	0.487442922374
2	1.0
57	0.52380952381
20	0.668421052632
51	0.489411764706
11	0.472727272727
4	0.666666666667
15	0.533333333333
55	0.521212121212
34	0.634581105169
15	0.67619047619
3	0.666666666667
99	0.330447330447
17	0.676470588235
159	0.135180320038
26	0.529230769231
21	0.57619047619
62	0.590163934426
23	0.501976284585
57	0.362781954887
34	0.491978609626
25	0.466666666667
60	0.225423728814
57	0.500626566416
17	0.808823529412
19	0.561403508772
18	0.555555555556
9	0.527777777778
115	0.267581998474
10	0.844444444444
38	0.570412517781
71	0.502213279678
55	0.480808080808
10	0.777777777778
33	0.5625
10	0.6
60	0.514124293785
10	0.377777777778
71	0.487726358149
43	0.522702104097
14	0.659340659341
8	0.928571428571
12	0.666666666667
2	1.0
47	0.472710453284
27	0.51566951567
18	0.679738562092
1	0.0
3	1.0
10	0.577777777778
22	0.640692640693
25	0.703333333333
42	0.485481997677
5	0.5
3	1.0
37	0.315315315315
61	0.51912568306
20	0.684210526316
26	0.449230769231
10	0.822222222222
66	0.41351981352
53	0.591436865022
19	0.678362573099
43	0.399778516058
5	0.6
78	0.42624042624
9	0.944444444444
4	1.0
2	1.0
22	0.532467532468
16	0.666666666667
31	0.670967741935
5	0.4
32	0.51814516129
20	0.705263157895
122	0.275030483674
6	1.0
12	0.69696969697
8	0.571428571429
37	0.606606606607
7	0.47619047619
27	0.524216524217
34	0.606060606061
231	0.161641257293
107	0.267148651032
5	1.0
16	0.825
33	0.617424242424
28	0.666666666667
24	0.695652173913
13	0.615384615385
11	0.854545454545
65	0.531730769231
56	0.491558441558
23	0.747035573123
23	0.612648221344
40	0.511538461538
83	0.393770202762
6	0.466666666667
3	1.0
83	0.372612400823
8	0.928571428571
11	0.781818181818
58	0.524500907441
43	0.305647840532
13	0.897435897436
72	0.500782472613
65	0.496153846154
16	0.458333333333
15	0.857142857143
26	0.430769230769
30	0.749425287356
29	0.669950738916
89	0.422114402451
64	0.489583333333
61	0.462841530055
20	0.731578947368
104	0.352501867065
19	0.666666666667
25	0.656666666667
50	0.571428571429
15	0.628571428571
11	0.763636363636
43	0.586932447398
64	0.580853174603
69	0.509803921569
98	0.245739532927
46	0.653140096618
13	0.653846153846
9	0.861111111111
4	0.666666666667
40	0.394871794872
10	0.355555555556
6	0.533333333333
8	0.678571428571
12	0.681818181818
22	0.813852813853
40	0.657692307692
87	0.332264100508
22	0.320346320346
8	0.571428571429
10	0.577777777778
58	0.502117362371
21	0.461904761905
67	0.488014473089
46	0.527536231884
30	0.524137931034
32	0.576612903226
32	0.451612903226
7	0.52380952381
1	0.0
17	0.794117647059
4	0.833333333333
85	0.357703081232
18	0.777777777778
38	0.482219061166
48	0.445035460993
37	0.490990990991
20	0.563157894737
83	0.507199529827
30	0.535632183908
81	0.478703703704
5	0.7
91	0.18485958486
9	0.722222222222
20	0.657894736842
85	0.40700280112
63	0.425499231951
12	0.439393939394
15	0.67619047619
35	0.500840336134
3	1.0
4	1.0
32	0.572580645161
11	0.636363636364
12	0.863636363636
14	0.978021978022
22	0.952380952381
24	0.902173913043
39	0.450742240216
84	0.36546184739
2	1.0
21	0.97619047619
25	0.866666666667
15	0.590476190476
1	0.0
7	1.0
10	0.911111111111
14	0.736263736264
21	0.633333333333
14	0.472527472527
46	0.634782608696
41	0.448780487805
5	0.6
8	0.357142857143
19	0.988304093567
46	0.168115942029
22	0.748917748918
16	0.833333333333
23	0.905138339921
24	0.880434782609
25	0.416666666667
1	0.0
18	0.797385620915
35	0.621848739496
18	0.764705882353
91	0.254945054945
1	0.0
1	0.0
30	0.501149425287
5	0.9
16	0.816666666667
15	0.695238095238
1	0.0
32	0.709677419355
24	0.865942028986
19	0.46783625731
25	0.576666666667
24	0.525362318841
26	0.652307692308
20	0.542105263158
7	0.857142857143
13	0.628205128205
17	0.735294117647
1	0.0
21	0.680952380952
14	0.791208791209
24	0.902173913043
12	0.924242424242
11	0.381818181818
39	0.353576248313
11	0.745454545455
22	0.904761904762
15	0.761904761905
16	0.683333333333
22	0.891774891775
25	0.626666666667
115	0.191151792525
1	0.0
11	0.545454545455
23	0.920948616601
66	0.310023310023
2	1.0
24	0.880434782609
25	0.58
29	0.5960591133
13	0.794871794872
19	0.812865497076
2	1.0
5	0.4
22	0.891774891775
73	0.323820395738
4	1.0
28	0.558201058201
33	0.49053030303
6	0.8
3	1.0
7	0.619047619048
24	0.902173913043
24	0.902173913043
3	1.0
24	0.880434782609
24	0.894927536232
9	0.722222222222
17	0.735294117647
18	0.921568627451
18	0.666666666667
3	1.0
1	0.0
34	0.737967914439
23	0.932806324111
5	0.9
8	0.892857142857
4	1.0
1	0.0
23	0.901185770751
18	0.823529411765
22	0.65367965368
26	0.421538461538
7	0.857142857143
27	0.558404558405
23	0.881422924901
13	0.576923076923
33	0.700757575758
20	0.731578947368
17	0.764705882353
170	0.11562826314
28	0.537037037037
45	0.451515151515
8	0.857142857143
9	0.861111111111
6	0.533333333333
1	0.0
14	0.725274725275
54	0.463312368973
41	0.514634146341
31	0.636559139785
52	0.419306184012
68	0.13125548727
2	1.0
7	0.809523809524
21	0.585714285714
8	0.821428571429
43	0.414174972315
5	0.6
69	0.326939471441
18	0.941176470588
10	0.622222222222
29	0.507389162562
17	0.720588235294
8	0.75
20	0.710526315789
13	0.5
71	0.323541247485
14	0.615384615385
10	0.933333333333
12	0.590909090909
4	1.0
30	0.501149425287
64	0.399801587302
18	0.496732026144
5	0.8
14	0.714285714286
12	0.727272727273
47	0.484736355227
8	0.892857142857
36	0.619047619048
26	0.541538461538
38	0.453769559033
13	0.730769230769
15	0.619047619048
26	0.803076923077
14	0.604395604396
8	0.535714285714
23	0.430830039526
5	0.8
14	0.417582417582
16	0.708333333333
25	0.61
29	0.490147783251
8	0.428571428571
17	0.595588235294
12	0.439393939394
3	1.0
2	1.0
57	0.410401002506
9	0.694444444444
57	0.345238095238
19	0.53216374269
2	1.0
2	1.0
12	0.742424242424
38	0.658605974395
13	0.615384615385
30	0.597701149425
19	0.602339181287
10	0.688888888889
4	0.5
20	0.615789473684
10	0.622222222222
30	0.712643678161
8	0.75
13	0.871794871795
14	0.604395604396
28	0.582010582011
14	0.736263736264
35	0.589915966387
8	0.714285714286
14	0.406593406593
15	0.6
27	0.350427350427
15	0.438095238095
18	0.679738562092
36	0.580952380952
37	0.481981981982
2	1.0
9	0.666666666667
18	0.549019607843
16	0.658333333333
18	0.666666666667
34	0.575757575758
52	0.441176470588
13	0.384615384615
18	0.640522875817
40	0.512820512821
3	1.0
9	0.555555555556
29	0.51724137931
4	0.666666666667
13	0.564102564103
4	0.833333333333
7	0.857142857143
23	0.640316205534
20	0.589473684211
14	0.791208791209
18	0.542483660131
7	0.666666666667
26	0.504615384615
7	0.47619047619
12	0.454545454545
37	0.534534534535
1	0.0
5	1.0
20	0.336842105263
16	0.508333333333
66	0.374358974359
15	0.495238095238
20	0.721052631579
9	0.861111111111
18	0.732026143791
32	0.653225806452
9	0.833333333333
8	0.785714285714
10	0.533333333333
26	0.627692307692
39	0.542510121457
9	0.666666666667
24	0.557971014493
16	0.441666666667
37	0.516516516517
38	0.438122332859
9	0.75
15	0.419047619048
56	0.453246753247
58	0.427102238355
6	0.6
11	0.636363636364
45	0.477777777778
79	0.326841934437
34	0.509803921569
55	0.43569023569
15	0.609523809524
4	0.833333333333
15	0.361904761905
43	0.609080841639
20	0.636842105263
12	0.545454545455
13	0.589743589744
22	0.748917748918
15	0.571428571429
27	0.618233618234
2	1.0
37	0.569069069069
13	0.717948717949
14	0.835164835165
23	0.561264822134
6	0.6
27	0.700854700855
21	0.490476190476
30	0.448275862069
10	0.355555555556
4	1.0
4	1.0
44	0.560253699789
3	1.0
4	1.0
39	0.31713900135
12	0.424242424242
5	1.0
2	1.0
2	0.0
10	0.888888888889
24	0.449275362319
11	0.890909090909
5	0.8
4	1.0
5	0.7
8	0.821428571429
4	1.0
7	0.904761904762
7	0.714285714286
7	0.666666666667
7	0.952380952381
6	1.0
7	0.952380952381
1	0.0
11	0.890909090909
4	1.0
10	0.933333333333
6	0.733333333333
8	0.821428571429
7	0.761904761905
8	0.964285714286
1	0.0
4	0.833333333333
9	0.666666666667
8	0.964285714286
6	1.0
9	1.0
13	0.705128205128
7	0.809523809524
1	0.0
1	0.0
4	0.833333333333
4	0.833333333333
6	0.8
126	0.386031746032
66	0.385547785548
38	0.761024182077
3	1.0
13	0.551282051282
34	0.823529411765
46	0.823188405797
34	0.782531194296
3	0.666666666667
17	0.441176470588
78	0.554112554113
13	0.423076923077
32	0.447580645161
12	0.636363636364
5	1.0
1	0.0
9	0.472222222222
44	0.306553911205
16	0.633333333333
35	0.378151260504
147	0.482900009319
130	0.229218843172
1	0.0
29	0.864532019704
13	0.397435897436
106	0.576460017969
30	0.464367816092
8	0.535714285714
45	0.420202020202
167	0.467715172066
21	0.509523809524
75	0.581621621622
9	0.944444444444
5	0.9
52	0.485671191554
15	0.67619047619
63	0.499231950845
25	0.623333333333
82	0.743149653719
7	0.52380952381
37	0.638138138138
7	0.857142857143
29	0.822660098522
17	0.580882352941
17	0.588235294118
54	0.411600279525
65	0.585576923077
12	0.424242424242
37	0.54954954955
4	1.0
166	0.484775465498
115	0.598169336384
38	0.561877667141
23	0.675889328063
10	0.577777777778
20	0.378947368421
84	0.754446356856
109	0.542473666327
55	0.591245791246
10	0.844444444444
10	0.822222222222
65	0.622596153846
24	0.923913043478
46	0.649275362319
103	0.573577003617
13	0.269230769231
27	0.438746438746
33	0.795454545455
26	0.470769230769
16	0.741666666667
115	0.631426392067
107	0.487391994357
40	0.316666666667
32	0.754032258065
15	0.752380952381
34	0.629233511586
21	0.795238095238
18	0.385620915033
11	0.745454545455
54	0.728162124389
24	0.721014492754
26	0.56
104	0.57356235997
10	0.911111111111
128	0.513656496063
47	0.762257169288
68	0.628621597893
62	0.699101004759
42	0.761904761905
7	0.761904761905
11	0.745454545455
6	0.4
41	0.768292682927
35	0.658823529412
29	0.29802955665
19	0.327485380117
31	0.804301075269
154	0.514472455649
27	0.438746438746
66	0.437762237762
4	0.666666666667
96	0.56951754386
9	0.583333333333
77	0.672932330827
16	0.533333333333
39	0.414304993252
4	0.833333333333
95	0.530347144457
120	0.601400560224
14	0.912087912088
142	0.533213465188
16	0.483333333333
8	0.321428571429
57	0.551378446115
36	0.401587301587
32	0.574596774194
32	0.429435483871
12	0.378787878788
99	0.415172129458
36	0.744444444444
9	1.0
149	0.528659532015
51	0.595294117647
58	0.666061705989
58	0.638233514822
61	0.592349726776
4	0.833333333333
9	0.416666666667
85	0.624649859944
29	0.399014778325
80	0.574050632911
3	1.0
67	0.644504748982
79	0.428107757222
11	0.618181818182
4	0.833333333333
79	0.496916585524
17	0.698529411765
3	1.0
26	0.44
58	0.694494857834
37	0.493993993994
5	0.5
27	0.678062678063
67	0.640434192673
48	0.465425531915
15	0.695238095238
12	0.636363636364
28	0.777777777778
12	0.590909090909
3	1.0
65	0.602884615385
106	0.509254267745
82	0.559470039145
11	0.818181818182
46	0.455072463768
63	0.327188940092
8	0.392857142857
54	0.602375960867
14	0.769230769231
65	0.544230769231
5	0.5
7	0.52380952381
165	0.518625277162
51	0.592156862745
10	0.822222222222
22	0.354978354978
22	0.813852813853
27	0.42735042735
2	1.0
68	0.526338893766
76	0.579298245614
49	0.552721088435
21	0.8
78	0.294372294372
3	1.0
26	0.618461538462
10	0.355555555556
63	0.486431131592
80	0.519303797468
142	0.562581160723
15	0.333333333333
183	0.500570467784
123	0.608156737305
60	0.39209039548
30	0.749425287356
57	0.689223057644
106	0.591913746631
15	0.695238095238
66	0.243822843823
205	0.344524151124
7	0.571428571429
14	0.43956043956
14	0.747252747253
13	0.628205128205
20	0.673684210526
50	0.522448979592
9	0.555555555556
11	0.527272727273
24	0.416666666667
1	0.0
36	0.771428571429
23	0.383399209486
56	0.715584415584
64	0.634920634921
123	0.565640410502
51	0.726274509804
8	0.714285714286
109	0.41963982331
4	0.833333333333
27	0.324786324786
141	0.535866261398
43	0.806201550388
38	0.49786628734
70	0.450931677019
9	0.972222222222
54	0.686932215234
47	0.525439407956
38	0.443812233286
36	0.771428571429
29	0.674876847291
122	0.569976967891
35	0.806722689076
1	0.0
51	0.666666666667
24	0.652173913043
49	0.535714285714
71	0.455935613682
130	0.438163387001
117	0.622015915119
198	0.465005383787
21	0.442857142857
98	0.56154007995
60	0.667231638418
66	0.605128205128
32	0.495967741935
142	0.557187094196
6	0.666666666667
11	0.636363636364
68	0.593064091308
33	0.549242424242
29	0.834975369458
14	0.527472527473
24	0.626811594203
9	0.694444444444
18	0.692810457516
33	0.61553030303
14	0.406593406593
21	0.704761904762
1	0.0
147	0.515422607399
5	0.5
65	0.573557692308
102	0.590176664725
14	0.626373626374
6	0.333333333333
17	0.654411764706
139	0.558127411115
9	0.5
45	0.447474747475
99	0.538033395176
5	0.8
66	0.541258741259
61	0.381967213115
88	0.561389759666
19	0.432748538012
8	0.678571428571
100	0.65696969697
27	0.774928774929
26	0.246153846154
57	0.513157894737
28	0.603174603175
6	0.533333333333
19	0.619883040936
36	0.328571428571
24	0.184782608696
113	0.609829329962
115	0.449122807018
18	0.718954248366
132	0.451191302336
2	1.0
15	0.438095238095
13	0.461538461538
45	0.60202020202
45	0.667676767677
89	0.693564862104
66	0.646153846154
34	0.48128342246
158	0.532371200516
156	0.553101736973
17	0.948529411765
20	0.6
32	0.647177419355
38	0.426742532006
39	0.761133603239
110	0.534778982485
97	0.471005154639
9	0.305555555556
4	0.666666666667
49	0.669217687075
26	0.606153846154
15	0.409523809524
83	0.725242433147
217	0.447900665643
4	0.666666666667
58	0.64609800363
9	0.305555555556
8	0.714285714286
107	0.432904249691
102	0.558920597942
1	0.0
72	0.681533646322
3	1.0
76	0.621052631579
40	0.457692307692
173	0.508401666891
26	0.504615384615
20	0.6
114	0.468095016302
43	0.545957918051
36	0.766666666667
47	0.356151711378
11	0.763636363636
54	0.648497554158
9	0.527777777778
71	0.372635814889
142	0.468384776746
22	0.341991341991
2	1.0
30	0.622988505747
35	0.428571428571
84	0.52065404475
23	0.537549407115
47	0.610545790934
125	0.556387096774
74	0.537578674565
29	0.844827586207
2	1.0
15	0.685714285714
107	0.445071415976
43	0.434108527132
60	0.375141242938
152	0.464883234577
9	0.694444444444
7	0.285714285714
20	0.552631578947
93	0.635577372604
112	0.553571428571
12	0.439393939394
40	0.755128205128
35	0.282352941176
24	0.485507246377
8	0.607142857143
15	0.8
137	0.535530270502
12	0.818181818182
3	1.0
3	1.0
6	0.6
124	0.550747442958
135	0.521393034826
55	0.678787878788
42	0.445993031359
47	0.472710453284
38	0.608819345661
68	0.551799824407
2	1.0
6	0.466666666667
5	0.7
31	0.574193548387
13	0.75641025641
120	0.623109243697
11	0.236363636364
126	0.558984126984
2	1.0
96	0.656578947368
84	0.551635111876
64	0.430555555556
25	0.486666666667
57	0.432957393484
2	1.0
124	0.395226855494
36	0.679365079365
44	0.748414376321
76	0.574385964912
41	0.674390243902
68	0.586479367867
32	0.247983870968
60	0.575141242938
55	0.778451178451
23	0.612648221344
66	0.724941724942
92	0.661968466316
85	0.664705882353
87	0.547981823042
113	0.612357774968
55	0.711111111111
48	0.701241134752
22	0.584415584416
5	0.6
25	0.516666666667
6	0.866666666667
71	0.628571428571
31	0.623655913978
31	0.640860215054
6	0.533333333333
107	0.660024687004
48	0.594858156028
38	0.402560455192
104	0.498693054518
26	0.532307692308
31	0.567741935484
20	0.573684210526
43	0.692137320044
27	0.720797720798
24	0.550724637681
80	0.558860759494
34	0.614973262032
26	0.763076923077
44	0.727272727273
32	0.798387096774
21	0.295238095238
41	0.580487804878
27	0.920227920228
64	0.479662698413
25	0.473333333333
90	0.52734082397
77	0.615174299385
40	0.683333333333
18	0.660130718954
2	1.0
49	0.333333333333
20	0.636842105263
136	0.495098039216
122	0.552364178296
146	0.510911667454
42	0.535423925668
33	0.842803030303
100	0.444848484848
128	0.611466535433
55	0.742760942761
36	0.24126984127
68	0.356453028973
100	0.612929292929
63	0.694316436252
123	0.571638011462
10	0.622222222222
37	0.328828828829
91	0.62442002442
97	0.504295532646
5	1.0
74	0.543502406516
37	0.569069069069
42	0.542392566783
33	0.577651515152
67	0.74762550882
234	0.411576978101
3	0.666666666667
5	0.6
37	0.627627627628
20	0.552631578947
31	0.365591397849
77	0.425153793575
84	0.547619047619
37	0.432432432432
137	0.452769428939
3	1.0
21	0.871428571429
12	0.742424242424
42	0.649245063879
66	0.352913752914
166	0.503687477181
10	0.844444444444
53	0.289550072569
112	0.628378378378
37	0.581081081081
7	1.0
73	0.452054794521
42	0.617886178862
74	0.65087004813
182	0.484548600571
190	0.453689780006
32	0.854838709677
51	0.780392156863
85	0.670028011204
27	0.831908831909
41	0.840243902439
4	1.0
12	0.393939393939
15	0.380952380952
1	0.0
9	0.5
84	0.580895008606
46	0.747826086957
193	0.475442573402
175	0.472972085386
37	0.687687687688
53	0.50145137881
2	1.0
2	1.0
54	0.740041928721
16	0.625
44	0.587737843552
178	0.508411096299
22	0.662337662338
12	0.787878787879
74	0.625323954091
9	1.0
50	0.697142857143
50	0.288163265306
31	0.748387096774
37	0.551051051051
34	0.385026737968
106	0.465947888589
21	0.690476190476
10	0.666666666667
22	0.424242424242
60	0.613559322034
8	0.964285714286
30	0.563218390805
111	0.604095004095
5	0.7
21	0.452380952381
24	0.235507246377
148	0.497425997426
24	0.601449275362
14	0.483516483516
61	0.584153005464
19	0.637426900585
34	0.368983957219
64	0.625
66	0.336130536131
29	0.492610837438
38	0.418207681366
2	1.0
220	0.433416355334
55	0.620202020202
23	0.687747035573
15	0.571428571429
56	0.321428571429
30	0.308045977011
56	0.502597402597
34	0.816399286988
21	0.942857142857
28	0.365079365079
16	0.616666666667
5	0.8
9	0.833333333333
32	0.495967741935
9	0.527777777778
36	0.568253968254
142	0.496753571072
52	0.638009049774
90	0.571036204744
23	0.320158102767
31	0.759139784946
34	0.787878787879
28	0.388888888889
52	0.669683257919
5	1.0
132	0.560490400185
62	0.737176097303
33	0.416666666667
102	0.45680450398
46	0.457971014493
8	0.642857142857
84	0.595811818703
10	0.733333333333
26	0.596923076923
108	0.553478712357
1	0.0
124	0.535929714136
31	0.860215053763
57	0.367794486216
71	0.565392354125
169	0.484573119189
90	0.304119850187
54	0.25786163522
4	0.833333333333
72	0.514084507042
5	0.7
9	0.388888888889
17	0.698529411765
84	0.551061388411
93	0.444132772324
17	0.558823529412
49	0.465136054422
96	0.539692982456
22	0.584415584416
47	0.566142460685
5	1.0
63	0.280593958013
135	0.525373134328
22	0.78354978355
9	0.944444444444
125	0.61935483871
13	0.5
26	0.926153846154
26	0.618461538462
67	0.529172320217
48	0.445035460993
29	0.408866995074
6	0.666666666667
12	0.666666666667
29	0.534482758621
18	0.444444444444
70	0.43933747412
28	0.62962962963
58	0.433756805808
59	0.120397428404
8	0.928571428571
37	0.527027027027
33	0.839015151515
131	0.520140927775
4	0.833333333333
30	0.565517241379
34	0.566844919786
52	0.447209653092
35	0.620168067227
69	0.488064791134
159	0.581641589045
36	0.673015873016
14	0.362637362637
33	0.409090909091
117	0.540966696139
6	1.0
156	0.494210090984
69	0.441602728048
41	0.690243902439
57	0.411027568922
22	0.493506493506
12	0.378787878788
70	0.515113871636
42	0.281068524971
105	0.661538461538
22	0.229437229437
39	0.728744939271
35	0.747899159664
33	0.234848484848
64	0.603174603175
82	0.262872628726
19	0.269005847953
72	0.558294209703
79	0.627718273288
69	0.333759590793
33	0.577651515152
55	0.718518518519
33	0.524621212121
15	0.580952380952
43	0.293466223699
3	1.0
122	0.617666982794
38	0.698435277383
49	0.303571428571
38	0.782361308677
171	0.487512899897
7	0.428571428571
37	0.339339339339
160	0.50786163522
35	0.453781512605
25	0.79
151	0.50472406181
2	1.0
186	0.484975297879
1	0.0
25	0.313333333333
10	0.511111111111
112	0.555341055341
16	0.616666666667
44	0.532769556025
20	0.468421052632
33	0.537878787879
29	0.923645320197
48	0.322695035461
124	0.496197220037
60	0.510169491525
43	0.739756367663
89	0.493105209397
67	0.383536861149
20	0.436842105263
66	0.657342657343
170	0.487713191786
36	0.679365079365
5	0.9
83	0.601821921834
1	0.0
41	0.8
97	0.485180412371
211	0.415572105619
20	0.452631578947
3	1.0
53	0.692307692308
23	0.636363636364
205	0.475083692013
88	0.48171368861
95	0.380291153415
25	0.8
32	0.399193548387
16	0.35
39	0.655870445344
77	0.612781954887
112	0.603764478764
136	0.523747276688
11	0.509090909091
117	0.528146183319
32	0.846774193548
12	0.530303030303
145	0.588409961686
148	0.472053686339
90	0.610237203496
31	0.694623655914
5	0.6
117	0.567933981727
92	0.551839464883
179	0.475550812881
72	0.58607198748
190	0.475577833473
182	0.480116568514
71	0.544466800805
24	0.630434782609
50	0.528979591837
117	0.538903625111
24	0.471014492754
114	0.588262692129
128	0.38373523622
189	0.481931779804
177	0.463341037494
100	0.64303030303
35	0.53781512605
25	0.746666666667
37	0.358858858859
3	1.0
82	0.549232158988
22	0.787878787879
67	0.343735866124
9	0.972222222222
79	0.614086335605
23	0.604743083004
38	0.51493598862
34	0.720142602496
77	0.585099111415
99	0.497835497835
34	0.69696969697
78	0.506160506161
8	0.857142857143
14	0.351648351648
28	0.206349206349
100	0.64
69	0.569479965899
56	0.508441558442
18	0.503267973856
50	0.670204081633
25	0.91
35	0.593277310924
21	0.347619047619
4	1.0
81	0.581790123457
74	0.687893372825
7	0.809523809524
56	0.627922077922
34	0.231729055258
5	1.0
19	0.485380116959
82	0.642577536886
24	0.525362318841
80	0.470886075949
146	0.534341048654
235	0.416512093108
6	0.6
127	0.567554055743
36	0.203174603175
27	0.418803418803
122	0.622137921691
137	0.552060970374
11	0.290909090909
32	0.385080645161
25	0.523333333333
40	0.552564102564
25	0.2
117	0.527998821102
16	0.716666666667
36	0.598412698413
18	0.274509803922
27	0.561253561254
61	0.56393442623
25	0.62
38	0.72972972973
123	0.533519925363
792	0.0447745469869
93	0.545582047686
35	0.500840336134
43	0.399778516058
95	0.415005599104
124	0.564516129032
2	1.0
60	0.673446327684
50	0.431836734694
3	0.666666666667
34	0.415329768271
30	0.687356321839
12	0.439393939394
8	0.571428571429
19	0.672514619883
42	0.413472706156
17	0.625
7	0.714285714286
45	0.312121212121
70	0.335817805383
25	0.623333333333
27	0.660968660969
42	0.603948896632
185	0.494124559342
10	0.733333333333
62	0.367001586462
15	0.704761904762
5	0.7
105	0.617765567766
4	0.5
187	0.502903800817
65	0.615865384615
60	0.622598870056
139	0.513919299343
155	0.355006284039
19	0.637426900585
49	0.543367346939
115	0.621662852784
56	0.518831168831
49	0.647108843537
59	0.626534190532
51	0.294117647059
21	0.285714285714
32	0.3125
32	0.6875
80	0.468037974684
226	0.401376597837
8	0.857142857143
48	0.656914893617
38	0.736842105263
49	0.64880952381
109	0.621134896364
156	0.533912324235
79	0.694579681921
26	0.578461538462
14	0.571428571429
37	0.59009009009
104	0.535100821509
79	0.517364492048
26	0.436923076923
37	0.588588588589
19	0.46783625731
202	0.472833850549
22	0.805194805195
13	0.820512820513
13	0.435897435897
126	0.597714285714
50	0.731428571429
115	0.601678108314
82	0.644685335742
57	0.484962406015
2	1.0
16	0.758333333333
131	0.555490311216
27	0.179487179487
6	0.8
3	0.666666666667
121	0.513223140496
4	1.0
32	0.645161290323
25	0.74
66	0.535198135198
40	0.60641025641
36	0.531746031746
209	0.41010305484
25	0.563333333333
47	0.426456984274
20	0.794736842105
61	0.648087431694
23	0.754940711462
40	0.45
8	0.964285714286
5	1.0
5	0.9
38	0.433854907539
22	0.428571428571
20	0.405263157895
26	0.381538461538
67	0.535504296698
121	0.271625344353
17	0.801470588235
30	0.342528735632
97	0.439218213058
38	0.635846372688
10	0.866666666667
103	0.587283457072
38	0.389758179232
131	0.51485613623
6	0.6
145	0.527969348659
57	0.239348370927
89	0.594484167518
71	0.628571428571
5	0.6
34	0.802139037433
152	0.546270477518
245	0.402040816327
23	0.660079051383
12	0.893939393939
25	0.543333333333
195	0.473433782712
22	0.415584415584
32	0.449596774194
51	0.373333333333
14	0.274725274725
113	0.591024020228
102	0.600465928946
63	0.652329749104
44	0.731501057082
156	0.425558312655
10	0.6
24	0.648550724638
131	0.573458602466
15	0.6
30	0.429885057471
88	0.601358411703
67	0.578923563998
27	0.777777777778
12	0.893939393939
127	0.601174853143
58	0.634603750756
29	0.544334975369
102	0.602019025432
201	0.444427860697
56	0.497402597403
16	0.608333333333
16	0.408333333333
42	0.262485481998
46	0.72270531401
191	0.500744006613
1	0.0
182	0.459595652966
25	0.633333333333
38	0.72972972973
6	0.6
165	0.508647450111
10	0.577777777778
49	0.698129251701
119	0.554621848739
40	0.515384615385
70	0.339130434783
101	0.422376237624
38	0.431009957326
26	0.4
36	0.838095238095
119	0.613160518445
29	0.519704433498
42	0.469221835075
22	0.329004329004
12	0.848484848485
2	1.0
6	0.533333333333
4	1.0
73	0.590943683409
29	0.371921182266
46	0.725603864734
17	0.220588235294
99	0.475572047001
54	0.658979734451
49	0.375850340136
107	0.493034738141
8	0.892857142857
31	0.475268817204
123	0.541383446621
121	0.563223140496
15	0.714285714286
23	0.652173913043
82	0.499548328817
50	0.594285714286
41	0.806097560976
13	0.679487179487
28	0.507936507937
56	0.396753246753
64	0.669146825397
35	0.56974789916
150	0.56903803132
32	0.83064516129
53	0.286647314949
51	0.52862745098
18	0.372549019608
32	0.83064516129
28	0.518518518519
105	0.581135531136
11	0.818181818182
254	0.399676325044
15	0.466666666667
6	0.466666666667
71	0.651911468813
12	0.969696969697
83	0.460769908904
63	0.538146441372
37	0.735735735736
9	0.388888888889
36	0.349206349206
101	0.595643564356
79	0.542031807855
26	0.627692307692
14	0.351648351648
130	0.53488372093
40	0.715384615385
30	0.55632183908
11	0.945454545455
22	0.632034632035
30	0.719540229885
10	0.377777777778
41	0.278048780488
31	0.367741935484
39	0.313090418354
755	0.105485973264
19	0.719298245614
47	0.715078630897
11	0.6
79	0.680623174294
190	0.759398496241
161	0.799844720497
55	0.636363636364
123	0.6418765827
40	0.596153846154
15	0.609523809524
56	0.437012987013
6	0.866666666667
125	0.823096774194
134	0.487262933453
55	0.663973063973
23	0.794466403162
151	0.842649006623
13	0.564102564103
39	0.684210526316
95	0.755431131019
11	0.654545454545
12	0.409090909091
50	0.675918367347
22	0.532467532468
4	0.666666666667
189	0.772261623325
79	0.638104511522
93	0.69798971482
223	0.370581343676
39	0.546558704453
192	0.753654013962
29	0.660098522167
146	0.597165800661
191	0.762689446128
120	0.56862745098
108	0.711491865697
8	0.571428571429
12	0.80303030303
64	0.627976190476
17	0.536764705882
123	0.866586698654
93	0.504675081814
92	0.68585762064
8	0.5
39	0.731443994602
34	0.741532976827
120	0.543837535014
43	0.404208194906
7	0.571428571429
187	0.781381174171
86	0.868673050616
96	0.251973684211
20	0.463157894737
172	0.739426084591
2	1.0
35	0.660504201681
4	1.0
72	0.518779342723
176	0.777662337662
70	0.515113871636
65	0.537980769231
7	0.666666666667
36	0.371428571429
39	0.572199730094
9	0.833333333333
15	0.857142857143
176	0.757792207792
57	0.615288220551
55	0.780471380471
19	0.239766081871
199	0.704126694076
178	0.776106138513
224	0.587363869315
153	0.771327829377
36	0.615873015873
24	0.532608695652
87	0.852445870088
20	0.621052631579
49	0.692176870748
15	0.857142857143
203	0.729015266059
64	0.808531746032
63	0.593958013313
4	0.833333333333
135	0.847208402432
54	0.621243885395
34	0.69696969697
33	0.719696969697
60	0.632768361582
85	0.611204481793
48	0.788120567376
50	0.632653061224
155	0.813573523251
52	0.677978883861
171	0.416305469556
7	0.571428571429
45	0.578787878788
84	0.802925989673
40	0.712820512821
15	0.828571428571
9	0.805555555556
10	0.822222222222
5	0.6
18	0.830065359477
7	0.380952380952
55	0.587205387205
19	0.684210526316
158	0.832943642667
31	0.851612903226
50	0.646530612245
25	0.496666666667
53	0.657474600871
30	0.786206896552
96	0.511403508772
44	0.701902748414
106	0.697574123989
34	0.420677361854
187	0.783451210396
53	0.458635703919
147	0.584940825645
173	0.780682887485
8	0.428571428571
30	0.547126436782
21	0.666666666667
173	0.696531791908
123	0.47580967613
112	0.685489060489
152	0.743813175322
8	0.428571428571
96	0.687061403509
174	0.786990897615
25	0.703333333333
176	0.788636363636
123	0.880714380914
205	0.306360593018
17	0.389705882353
37	0.414414414414
23	0.822134387352
9	0.722222222222
106	0.728481581312
115	0.600610221205
163	0.529652351738
73	0.83599695586
115	0.646681922197
42	0.678281068525
76	0.724912280702
193	0.778767271157
106	0.762623539982
48	0.684397163121
76	0.54701754386
141	0.809219858156
186	0.772391746585
26	0.612307692308
9	0.833333333333
33	0.543560606061
141	0.569098277609
168	0.751069289991
13	0.628205128205
123	0.654404904705
129	0.568798449612
195	0.767274649749
162	0.832451499118
48	0.822695035461
17	0.742647058824
126	0.867936507937
204	0.732010045397
1	0.0
9	0.583333333333
172	0.492248062016
18	0.477124183007
147	0.821358680458
141	0.7031408308
30	0.429885057471
136	0.847167755991
156	0.56211745244
198	0.747167102497
23	0.664031620553
189	0.79173702578
34	0.449197860963
43	0.479512735327
177	0.7864663585
7	0.904761904762
154	0.805025040319
21	0.752380952381
38	0.77667140825
117	0.848069554966
16	0.466666666667
6	1.0
71	0.63661971831
132	0.582003238492
184	0.760097410311
181	0.793677102517
11	0.545454545455
4	0.833333333333
37	0.27027027027
164	0.841164147838
135	0.851520176893
43	0.828349944629
184	0.484438108814
160	0.793317610063
10	0.777777777778
15	0.428571428571
136	0.844117647059
65	0.416826923077
142	0.433423234442
188	0.782170895437
15	0.495238095238
23	0.430830039526
158	0.828106103362
146	0.836750118092
203	0.730722333317
169	0.808326289096
121	0.626033057851
54	0.280223619846
112	0.630952380952
92	0.494027711419
38	0.378378378378
11	0.581818181818
198	0.740450187151
94	0.56165637154
159	0.423931215668
85	0.698879551821
88	0.719958202717
74	0.846723435765
49	0.663265306122
138	0.607003067809
178	0.804926045833
171	0.807430340557
24	0.836956521739
221	0.623817359111
102	0.520093185789
78	0.771894771895
43	0.394241417497
24	0.384057971014
41	0.535365853659
90	0.717602996255
128	0.612204724409
192	0.750109075044
86	0.749384404925
18	0.281045751634
139	0.627567511208
160	0.809355345912
41	0.492682926829
27	0.2849002849
39	0.690958164642
10	0.8
48	0.686170212766
24	0.420289855072
82	0.615176151762
15	0.552380952381
31	0.612903225806
92	0.805542283803
128	0.827140748031
9	0.5
5	1.0
3	1.0
109	0.659191301393
18	0.764705882353
66	0.607459207459
193	0.737856217617
30	0.393103448276
120	0.586274509804
8	0.714285714286
117	0.483200707339
11	0.854545454545
3	0.666666666667
94	0.852207732784
114	0.653469958081
17	0.404411764706
8	0.821428571429
134	0.612501402761
186	0.758209822726
17	0.654411764706
18	0.78431372549
148	0.611417539989
194	0.750333849688
113	0.468394437421
168	0.805959509552
88	0.756792058516
41	0.693902439024
14	0.417582417582
109	0.655113829426
1	0.0
110	0.709591326105
22	0.510822510823
55	0.718518518519
175	0.484006568144
173	0.766097593763
190	0.778835978836
49	0.655612244898
100	0.610707070707
4	1.0
14	0.769230769231
210	0.721986785145
22	0.506493506494
22	0.683982683983
36	0.649206349206
98	0.797391121397
54	0.446540880503
140	0.848098663926
103	0.843137254902
27	0.438746438746
58	0.638838475499
133	0.845295055821
13	0.551282051282
205	0.72525107604
5	1.0
195	0.765477134549
41	0.708536585366
46	0.670531400966
116	0.598050974513
129	0.633963178295
42	0.693379790941
51	0.360784313725
7	0.571428571429
32	0.431451612903
207	0.691243375076
5	0.9
36	0.419047619048
71	0.463983903421
222	0.630671395377
29	0.571428571429
70	0.599585921325
37	0.396396396396
124	0.845659585628
13	0.346153846154
44	0.603594080338
201	0.733930348259
119	0.662156387979
40	0.40641025641
59	0.701928696669
200	0.746884422111
7	0.904761904762
95	0.67771556551
122	0.569164069909
18	0.712418300654
19	0.713450292398
109	0.605504587156
9	0.416666666667
10	0.977777777778
157	0.807528989058
90	0.644194756554
10	0.755555555556
7	0.904761904762
155	0.783158776707
49	0.832482993197
55	0.573737373737
20	0.331578947368
129	0.843386627907
14	0.692307692308
7	0.809523809524
75	0.542702702703
11	0.672727272727
234	0.593301786435
83	0.595650896268
130	0.433870005963
1	0.0
15	0.847619047619
180	0.788019863439
29	0.642857142857
91	0.703296703297
35	0.884033613445
185	0.784958871915
154	0.80850522027
16	0.375
174	0.750913560561
129	0.619791666667
59	0.679719462303
9	0.75
154	0.531788472965
161	0.512034161491
56	0.658441558442
55	0.684175084175
24	0.561594202899
68	0.852063213345
21	0.42380952381
160	0.443553459119
184	0.7963886909
17	0.639705882353
142	0.549395664769
54	0.819007686932
122	0.582983335591
23	0.758893280632
34	0.579322638146
38	0.677098150782
17	0.5
155	0.819606200251
122	0.658582847853
10	0.644444444444
123	0.576969212315
29	0.628078817734
66	0.595804195804
16	0.791666666667
113	0.888432364096
141	0.853394123607
156	0.836641852771
199	0.731130399472
23	0.648221343874
51	0.778823529412
16	0.85
85	0.156302521008
19	0.719298245614
73	0.794140030441
10	0.311111111111
36	0.419047619048
37	0.542042042042
122	0.620647608725
16	0.858333333333
7	0.380952380952
46	0.36231884058
183	0.770311655558
197	0.712472806381
79	0.381045115222
180	0.790689013035
125	0.530838709677
166	0.482584884995
124	0.831759769211
48	0.77304964539
190	0.753829016987
103	0.663240053303
160	0.489072327044
139	0.74434365551
34	0.409982174688
150	0.542192393736
35	0.754621848739
109	0.675161399932
182	0.744399247162
198	0.758037225042
26	0.350769230769
28	0.417989417989
79	0.744563453424
121	0.541046831956
52	0.417043740573
36	0.715873015873
291	0.399644507643
151	0.829668874172
18	0.78431372549
28	0.507936507937
110	0.678231859883
168	0.809737667522
86	0.842954856361
177	0.796931176168
30	0.547126436782
172	0.827961376309
13	0.282051282051
6	0.733333333333
147	0.856863293263
12	0.469696969697
45	0.355555555556
25	0.823333333333
167	0.822235047976
65	0.619711538462
55	0.63164983165
36	0.530158730159
50	0.522448979592
79	0.607594936709
197	0.741220346006
158	0.835281786665
36	0.47619047619
105	0.660073260073
12	0.409090909091
168	0.823852295409
6	1.0
179	0.750172619421
94	0.625028597575
50	0.657142857143
36	0.534920634921
3	1.0
176	0.797272727273
2	1.0
24	0.619565217391
188	0.446125839117
57	0.624686716792
139	0.860911270983
50	0.512653061224
6	0.466666666667
28	0.425925925926
49	0.833333333333
72	0.617370892019
92	0.827998088868
32	0.570564516129
95	0.60470324748
179	0.771828510451
69	0.653452685422
35	0.346218487395
108	0.613707165109
77	0.611414900889
19	0.748538011696
21	0.519047619048
15	0.704761904762
17	0.654411764706
170	0.736721197355
20	0.405263157895
36	0.528571428571
89	0.86695607763
153	0.839009287926
178	0.777502697899
207	0.70006097275
32	0.381048387097
31	0.324731182796
17	0.794117647059
183	0.772773674413
41	0.875609756098
37	0.62012012012
70	0.525879917184
117	0.87238432066
109	0.534148827727
81	0.775925925926
8	0.428571428571
5	0.9
165	0.80169992609
11	0.636363636364
36	0.5
18	0.673202614379
25	0.646666666667
191	0.732929181593
86	0.639124487004
146	0.819933868682
5	1.0
28	0.772486772487
147	0.834777746715
91	0.561904761905
27	0.774928774929
94	0.69617936399
5	0.8
68	0.618086040386
10	0.733333333333
34	0.49376114082
4	1.0
3	0.666666666667
23	0.312252964427
16	0.908333333333
70	0.742028985507
161	0.807531055901
49	0.647108843537
33	0.505681818182
46	0.525603864734
12	0.666666666667
109	0.621984369691
10	0.666666666667
14	0.472527472527
16	0.75
16	0.525
8	0.428571428571
1	0.0
99	0.640280354566
46	0.521739130435
169	0.796914623838
124	0.636768948335
96	0.747807017544
126	0.664253968254
202	0.749371952121
60	0.857627118644
11	0.781818181818
130	0.844126416219
177	0.55303030303
135	0.871531232725
1	0.0
132	0.637751561416
77	0.566302118934
49	0.530612244898
26	0.393846153846
97	0.684493127148
36	0.584126984127
113	0.857458912769
93	0.559373539037
46	0.88309178744
27	0.547008547009
3	0.666666666667
160	0.816509433962
3	1.0
126	0.841904761905
137	0.831150708459
18	0.764705882353
9	0.75
39	0.461538461538
108	0.853755624784
15	0.67619047619
121	0.614187327824
178	0.792230051419
6	0.8
39	0.669365721997
145	0.800574712644
22	0.909090909091
25	0.513333333333
94	0.621368107984
93	0.687003272557
181	0.780049109883
76	0.479298245614
43	0.552602436323
16	0.883333333333
151	0.818543046358
5	1.0
124	0.803697875688
201	0.7392039801
98	0.70523879655
134	0.546178880036
138	0.596107055961
140	0.570709146968
105	0.512454212454
15	0.838095238095
9	0.75
13	0.807692307692
88	0.644200626959
6	1.0
48	0.512411347518
35	0.764705882353
165	0.805838876571
141	0.825227963526
14	0.538461538462
17	0.455882352941
13	0.717948717949
35	0.620168067227
191	0.668999724442
4	0.666666666667
7	0.857142857143
36	0.544444444444
29	0.571428571429
23	0.505928853755
106	0.891644204852
99	0.695320552463
18	0.699346405229
11	0.527272727273
63	0.752688172043
95	0.594848824188
56	0.627922077922
140	0.839671120247
31	0.331182795699
2	1.0
196	0.696127681842
294	0.359917345778
30	0.627586206897
9	0.638888888889
144	0.803904428904
54	0.674353598882
8	0.928571428571
161	0.839208074534
162	0.792577256345
158	0.766669354189
112	0.865025740026
173	0.794596047856
93	0.895278167368
135	0.612161415146
131	0.81738109219
31	0.572043010753
22	0.337662337662
165	0.818403547672
201	0.693333333333
155	0.796145789694
14	0.395604395604
110	0.849207673061
188	0.760268517465
4	0.833333333333
26	0.64
116	0.635382308846
11	0.890909090909
1	0.0
21	0.385714285714
30	0.510344827586
19	0.701754385965
152	0.836789822238
103	0.825433085856
141	0.768895643364
45	0.631313131313
20	0.531578947368
164	0.832485410744
116	0.883508245877
6	0.8
24	0.300724637681
101	0.710693069307
46	0.689855072464
15	0.752380952381
40	0.739743589744
187	0.797883962969
19	0.538011695906
91	0.702808302808
79	0.73417721519
197	0.746037501295
96	0.873903508772
125	0.584903225806
185	0.789012925969
94	0.509951956074
3	1.0
1	0.0
105	0.642490842491
164	0.559404459075
14	0.857142857143
182	0.746220630199
190	0.766081871345
198	0.728452033021
68	0.593503072871
196	0.754945054945
17	0.558823529412
75	0.901261261261
195	0.746286016389
99	0.566274994846
49	0.937925170068
51	0.405490196078
207	0.668871066085
28	0.656084656085
31	0.847311827957
17	0.441176470588
185	0.779024676851
100	0.61696969697
114	0.60922217047
23	0.446640316206
164	0.796498578483
55	0.661952861953
6	0.933333333333
21	0.585714285714
130	0.819797257007
188	0.769029468654
186	0.782621331008
34	0.620320855615
41	0.720731707317
28	0.60582010582
127	0.626046744157
173	0.799838687996
116	0.818740629685
7	0.904761904762
41	0.734146341463
5	0.4
20	0.663157894737
38	0.75960170697
35	0.571428571429
166	0.824023366192
37	0.719219219219
56	0.62987012987
19	0.602339181287
127	0.436070491189
100	0.727676767677
27	0.421652421652
54	0.646401118099
135	0.783305693753
48	0.697695035461
48	0.678191489362
122	0.637718466332
18	0.816993464052
7	0.619047619048
49	0.890306122449
72	0.773082942097
151	0.848123620309
168	0.825064157399
16	0.408333333333
52	0.705128205128
36	0.71746031746
58	0.40108892922
38	0.765291607397
99	0.468357039786
37	0.411411411411
26	0.507692307692
83	0.55480458419
50	0.271020408163
61	0.633879781421
20	0.315789473684
34	0.238859180036
97	0.537585910653
19	0.795321637427
6	1.0
37	0.588588588589
29	0.647783251232
70	0.631055900621
38	0.419630156472
83	0.564208051719
15	0.257142857143
9	0.805555555556
93	0.470079476391
53	0.60885341074
45	0.560606060606
16	0.591666666667
78	0.433566433566
28	0.708994708995
12	0.545454545455
24	0.45652173913
21	0.761904761905
11	0.363636363636
67	0.570782451379
31	0.225806451613
3	1.0
5	0.8
18	0.320261437908
93	0.508181393174
11	0.818181818182
19	0.397660818713
16	0.516666666667
69	0.619778346121
13	0.935897435897
15	0.209523809524
26	0.824615384615
24	0.333333333333
18	0.856209150327
2	1.0
27	0.683760683761
67	0.477159656264
15	0.361904761905
34	0.654188948307
12	0.409090909091
13	0.525641025641
31	0.34623655914
44	0.512684989429
31	0.486021505376
3	0.666666666667
32	0.302419354839
95	0.297200447928
54	0.763801537386
37	0.33033033033
100	0.423636363636
49	0.457482993197
6	1.0
3	1.0
12	0.454545454545
70	0.28281573499
8	0.357142857143
17	0.595588235294
13	0.423076923077
38	0.50640113798
63	0.469534050179
89	0.202502553626
29	0.652709359606
8	0.964285714286
24	0.666666666667
26	0.156923076923
19	0.233918128655
5	1.0
21	0.409523809524
83	0.40258595357
31	0.374193548387
2	1.0
57	0.469298245614
116	0.405847076462
51	0.494901960784
13	0.589743589744
33	0.4375
15	0.790476190476
13	0.576923076923
75	0.34954954955
53	0.561683599419
85	0.583473389356
35	0.321008403361
7	0.428571428571
52	0.555052790347
122	0.408345752608
89	0.55924412666
45	0.640404040404
83	0.548045841904
46	0.351690821256
22	0.264069264069
11	0.490909090909
28	0.582010582011
21	0.319047619048
63	0.463389656938
25	0.313333333333
47	0.795559666975
13	0.551282051282
6	1.0
28	0.312169312169
12	0.530303030303
41	0.843902439024
14	0.648351648352
34	0.17825311943
57	0.534461152882
6	0.933333333333
27	0.527065527066
6	0.733333333333
83	0.563326476638
95	0.431131019037
19	0.783625730994
59	0.286382232613
66	0.402797202797
98	0.496528508311
33	0.36553030303
28	0.267195767196
44	0.348837209302
102	0.454668996311
49	0.283163265306
2	1.0
19	0.438596491228
9	0.472222222222
12	0.287878787879
3	1.0
99	0.444444444444
19	0.766081871345
24	0.275362318841
60	0.548587570621
27	0.663817663818
3	0.666666666667
8	0.964285714286
82	0.559771153267
10	0.8
10	0.688888888889
22	0.251082251082
9	0.472222222222
8	0.464285714286
50	0.459591836735
22	0.402597402597
3	1.0
19	0.497076023392
58	0.516031457955
7	0.47619047619
25	0.186666666667
27	0.19943019943
2	1.0
57	0.68045112782
11	0.836363636364
5	1.0
16	0.216666666667
24	0.278985507246
15	0.542857142857
13	0.589743589744
14	0.593406593407
38	0.637268847795
6	1.0
20	0.3
10	0.311111111111
75	0.601801801802
78	0.554778554779
28	0.677248677249
22	0.636363636364
18	0.509803921569
30	0.298850574713
82	0.492622704005
9	0.805555555556
44	0.572938689218
31	0.264516129032
14	0.615384615385
4	1.0
137	0.399205667669
33	0.42803030303
31	0.249462365591
1	0.0
29	0.588669950739
29	0.290640394089
26	0.467692307692
27	0.678062678063
12	0.287878787879
21	0.233333333333
81	0.554012345679
33	0.67803030303
22	0.493506493506
11	0.836363636364
62	0.659968270756
36	0.379365079365
4	1.0
18	0.339869281046
2	1.0
17	0.330882352941
20	0.394736842105
3	1.0
11	0.672727272727
71	0.559758551308
104	0.348207617625
75	0.52972972973
39	0.352226720648
78	0.58707958708
80	0.510443037975
21	0.304761904762
70	0.484472049689
22	0.363636363636
42	0.327526132404
76	0.620701754386
73	0.502663622527
47	0.540240518039
52	0.480392156863
14	0.505494505495
104	0.477221807319
11	0.381818181818
16	0.933333333333
66	0.571095571096
45	0.29797979798
10	0.288888888889
15	0.352380952381
6	0.466666666667
4	1.0
10	0.777777777778
40	0.552564102564
15	0.619047619048
19	0.637426900585
88	0.454806687565
22	0.606060606061
29	0.450738916256
8	0.428571428571
61	0.419672131148
9	0.527777777778
50	0.54693877551
54	0.634521313767
8	0.892857142857
6	0.933333333333
11	0.872727272727
77	0.378673957621
7	1.0
8	0.607142857143
72	0.287167449139
74	0.566456867827
92	0.544194935499
32	0.689516129032
27	0.82905982906
77	0.518796992481
83	0.580957978254
69	0.64620630861
61	0.655191256831
75	0.569369369369
41	0.324390243902
91	0.41684981685
87	0.570703020583
18	0.718954248366
20	0.752631578947
70	0.565217391304
74	0.543872639763
40	0.260256410256
3	1.0
16	0.208333333333
40	0.5
79	0.54105809802
10	0.733333333333
92	0.494744386049
86	0.468125854993
48	0.607269503546
8	0.964285714286
53	0.444847605225
40	0.426923076923
14	0.659340659341
20	0.431578947368
12	0.712121212121
60	0.437853107345
63	0.513568868408
20	0.321052631579
69	0.643648763853
64	0.603670634921
11	0.545454545455
10	0.488888888889
82	0.507377295995
106	0.430907457323
54	0.544374563242
59	0.303915838691
17	0.735294117647
21	0.62380952381
20	0.457894736842
48	0.334219858156
102	0.218404193361
3	0.666666666667
34	0.645276292335
13	0.512820512821
44	0.364693446089
96	0.482675438596
14	0.406593406593
42	0.254355400697
17	0.875
92	0.521261347348
11	0.363636363636
19	0.368421052632
4	0.666666666667
18	0.21568627451
17	0.345588235294
107	0.478046199965
22	0.606060606061
13	0.333333333333
71	0.538028169014
44	0.81289640592
4	0.666666666667
17	0.860294117647
73	0.52397260274
59	0.616598480421
3	0.666666666667
41	0.409756097561
33	0.706439393939
25	0.44
18	0.241830065359
5	1.0
23	0.541501976285
15	0.952380952381
17	0.602941176471
24	0.405797101449
60	0.705649717514
100	0.512727272727
27	0.603988603989
63	0.513056835637
58	0.502117362371
13	0.692307692308
61	0.677595628415
72	0.473004694836
56	0.551298701299
65	0.479326923077
15	0.361904761905
39	0.267206477733
14	0.571428571429
3	0.666666666667
30	0.280459770115
91	0.476923076923
35	0.356302521008
72	0.248043818466
4	1.0
53	0.601596516691
43	0.274640088594
2	1.0
24	0.467391304348
16	0.95
19	0.33918128655
32	0.366935483871
42	0.333333333333
11	0.763636363636
24	0.677536231884
43	0.590254706534
10	0.311111111111
29	0.418719211823
70	0.337060041408
30	0.416091954023
70	0.27867494824
37	0.177177177177
50	0.749387755102
80	0.593670886076
35	0.598319327731
14	0.32967032967
54	0.470300489168
96	0.445614035088
66	0.252214452214
12	0.560606060606
52	0.595776772247
8	0.785714285714
1	0.0
22	0.649350649351
88	0.543364681296
43	0.241417497231
90	0.499126092385
38	0.458036984353
3	1.0
88	0.372518286311
22	0.800865800866
51	0.734901960784
27	0.575498575499
20	0.452631578947
17	0.323529411765
6	0.733333333333
8	0.5
37	0.438438438438
50	0.739591836735
15	0.419047619048
76	0.589473684211
16	0.466666666667
101	0.372475247525
50	0.455510204082
10	0.844444444444
83	0.502203937702
6	0.933333333333
78	0.534798534799
17	0.352941176471
15	0.933333333333
5	1.0
78	0.432567432567
14	0.582417582418
32	0.372983870968
11	0.836363636364
64	0.711805555556
53	0.673439767779
14	0.604395604396
13	0.269230769231
16	0.691666666667
16	0.516666666667
62	0.618720253834
1	0.0
46	0.224154589372
62	0.504494976203
6	0.933333333333
23	0.264822134387
86	0.374008207934
55	0.29898989899
99	0.558441558442
39	0.538461538462
28	0.425925925926
25	0.283333333333
116	0.415892053973
10	0.777777777778
76	0.444561403509
52	0.587481146305
37	0.533033033033
51	0.302745098039
10	0.511111111111
52	0.402714932127
108	0.367947386639
6	1.0
11	0.563636363636
16	0.508333333333
7	0.809523809524
15	0.428571428571
76	0.623157894737
41	0.224390243902
65	0.603846153846
10	0.711111111111
34	0.361853832442
122	0.383823330172
49	0.789965986395
20	0.557894736842
83	0.43461651484
12	0.484848484848
62	0.566895822316
51	0.198431372549
63	0.720430107527
18	0.660130718954
17	0.352941176471
52	0.3604826546
12	0.772727272727
68	0.466637401229
46	0.427053140097
61	0.510928961749
103	0.440129449838
63	0.31438812084
44	0.346723044397
69	0.481244671782
71	0.601207243461
4	0.666666666667
9	0.944444444444
33	0.594696969697
30	0.250574712644
2	1.0
8	0.964285714286
6	0.933333333333
10	0.822222222222
35	0.490756302521
13	0.641025641026
8	0.964285714286
84	0.572002294894
10	0.644444444444
2	1.0
35	0.603361344538
62	0.234267583289
49	0.395408163265
19	0.421052631579
21	0.495238095238
71	0.241448692153
11	0.690909090909
56	0.674025974026
4	0.833333333333
16	0.266666666667
69	0.447144075021
61	0.648087431694
5	1.0
30	0.370114942529
66	0.593006993007
89	0.405515832482
14	0.395604395604
85	0.432212885154
11	0.418181818182
91	0.253968253968
12	0.575757575758
13	0.730769230769
15	0.247619047619
52	0.525641025641
7	0.619047619048
30	0.498850574713
6	0.466666666667
57	0.350877192982
23	0.592885375494
10	0.622222222222
7	0.666666666667
38	0.550497866287
17	0.602941176471
48	0.418439716312
61	0.731693989071
25	0.68
19	0.321637426901
72	0.445618153365
18	0.21568627451
74	0.591632728619
6	0.933333333333
27	0.592592592593
41	0.362195121951
25	0.283333333333
68	0.436347673398
8	0.964285714286
8	0.964285714286
68	0.470588235294
1	0.0
61	0.469398907104
80	0.415189873418
23	0.355731225296
34	0.454545454545
51	0.422745098039
19	0.567251461988
12	0.560606060606
40	0.367948717949
16	0.566666666667
27	0.458689458689
17	0.669117647059
72	0.604460093897
40	0.384615384615
8	0.785714285714
86	0.305882352941
22	0.541125541126
11	0.709090909091
92	0.521261347348
11	0.781818181818
31	0.378494623656
47	0.476410730805
15	0.219047619048
51	0.672156862745
41	0.496341463415
15	0.333333333333
24	0.692028985507
14	0.450549450549
25	0.206666666667
35	0.517647058824
36	0.533333333333
63	0.195084485407
25	0.263333333333
7	0.666666666667
6	0.6
9	0.944444444444
39	0.379217273954
54	0.593291404612
26	0.310769230769
15	0.533333333333
23	0.399209486166
55	0.455218855219
28	0.515873015873
79	0.607919506654
5	0.4
36	0.587301587302
14	0.659340659341
1	0.0
28	0.455026455026
105	0.489194139194
63	0.311315924219
33	0.5
8	0.75
21	0.6
28	0.455026455026
41	0.613414634146
62	0.693283976732
66	0.435431235431
19	0.74269005848
15	0.333333333333
27	0.720797720798
14	0.538461538462
14	0.494505494505
14	0.615384615385
66	0.66993006993
31	0.238709677419
14	0.384615384615
34	0.828877005348
9	0.777777777778
86	0.552120383037
51	0.300392156863
12	0.363636363636
32	0.411290322581
63	0.239119303635
42	0.55981416957
47	0.446808510638
31	0.305376344086
28	0.486772486772
54	0.491264849755
24	0.815217391304
58	0.176043557169
31	0.574193548387
48	0.737588652482
8	0.964285714286
72	0.53951486698
2	1.0
9	0.555555555556
6	0.933333333333
5	0.7
44	0.416490486258
26	0.516923076923
63	0.281105990783
29	0.204433497537
20	0.268421052632
71	0.587927565392
19	0.461988304094
25	0.2
107	0.39005466408
12	0.893939393939
2	1.0
16	0.9
70	0.68115942029
27	0.606837606838
23	0.517786561265
48	0.404255319149
48	0.428191489362
19	0.309941520468
5	0.8
119	0.339695200114
12	0.30303030303
60	0.523728813559
23	0.438735177866
46	0.415458937198
41	0.398780487805
63	0.68253968254
45	0.436363636364
60	0.377966101695
18	0.516339869281
40	0.569230769231
67	0.170058796924
36	0.4
35	0.453781512605
5	0.7
22	0.393939393939
19	0.333333333333
9	0.888888888889
18	0.816993464052
5	0.9
11	0.963636363636
17	0.522058823529
32	0.260080645161
16	0.9
14	0.67032967033
39	0.797570850202
7	1.0
20	0.726315789474
26	0.332307692308
113	0.348767383059
69	0.410059676044
8	0.964285714286
7	0.47619047619
87	0.394279604384
19	0.771929824561
16	0.3
50	0.201632653061
18	0.183006535948
19	0.309941520468
93	0.416783543712
36	0.2
62	0.514542570069
7	0.761904761905
9	0.861111111111
65	0.423076923077
7	1.0
24	0.471014492754
9	0.861111111111
73	0.590182648402
16	0.25
31	0.27311827957
68	0.257243195786
14	0.252747252747
76	0.543157894737
65	0.415384615385
35	0.410084033613
76	0.522456140351
84	0.569707401033
12	0.484848484848
82	0.401987353207
84	0.541881812966
13	0.948717948718
62	0.304600740349
9	0.944444444444
54	0.600978336827
20	0.773684210526
15	0.4
11	0.545454545455
18	0.575163398693
74	0.31877082562
14	0.428571428571
75	0.464864864865
131	0.411978860834
49	0.589285714286
46	0.270531400966
62	0.315705975674
11	0.909090909091
9	0.888888888889
43	0.386489479513
6	0.8
15	0.847619047619
7	1.0
17	0.316176470588
16	0.45
3	0.666666666667
8	1.0
31	0.572043010753
60	0.482485875706
25	0.543333333333
21	0.414285714286
54	0.699510831586
17	0.911764705882
17	0.433823529412
49	0.608843537415
53	0.265602322206
52	0.43137254902
97	0.486469072165
10	0.555555555556
7	0.857142857143
25	0.476666666667
53	0.702467343977
17	0.536764705882
19	0.292397660819
31	0.391397849462
38	0.320056899004
76	0.429824561404
115	0.367353165523
8	0.892857142857
37	0.647147147147
35	0.497478991597
8	1.0
15	0.6
52	0.301659125189
18	0.418300653595
13	0.5
70	0.383436853002
2	1.0
2	1.0
16	0.3
16	0.741666666667
62	0.356953992597
45	0.462626262626
3	1.0
18	0.725490196078
29	0.366995073892
53	0.755442670537
89	0.486210418795
10	0.533333333333
63	0.582693292371
23	0.541501976285
20	0.463157894737
40	0.461538461538
16	0.916666666667
7	0.952380952381
10	0.711111111111
113	0.426201011378
9	0.861111111111
8	0.464285714286
5	0.9
21	0.447619047619
23	0.193675889328
6	0.4
65	0.555769230769
107	0.42038441192
49	0.573979591837
7	0.571428571429
547	0.0322304143145
24	0.579710144928
9	0.75
26	0.523076923077
6	0.533333333333
45	0.365656565657
22	0.497835497835
5	0.9
7	1.0
11	0.727272727273
6	0.6
47	0.471785383904
45	0.560606060606
18	0.764705882353
1	0.0
16	0.75
1	0.0
14	0.263736263736
38	0.48506401138
51	0.472156862745
6	0.666666666667
20	0.615789473684
15	0.390476190476
28	0.441798941799
8	0.678571428571
20	0.668421052632
24	0.641304347826
31	0.410752688172
16	0.941666666667
26	0.507692307692
3	1.0
29	0.320197044335
28	0.529100529101
16	0.566666666667
25	0.553333333333
15	0.838095238095
17	0.808823529412
18	0.601307189542
32	0.489919354839
15	0.847619047619
6	0.6
17	0.801470588235
15	0.92380952381
25	0.663333333333
14	0.923076923077
13	0.692307692308
13	0.384615384615
15	0.542857142857
19	0.573099415205
30	0.618390804598
10	0.555555555556
47	0.561517113784
5	1.0
15	0.52380952381
23	0.584980237154
9	0.5
19	0.719298245614
4	0.5
56	0.388961038961
19	0.27485380117
24	0.63768115942
18	0.862745098039
21	0.390476190476
20	0.678947368421
50	0.528979591837
8	0.821428571429
13	0.602564102564
8	0.535714285714
25	0.49
48	0.343971631206
9	0.472222222222
24	0.434782608696
22	0.69696969697
20	0.610526315789
22	0.190476190476
13	0.448717948718
6	0.8
41	0.580487804878
11	0.472727272727
14	0.945054945055
17	0.713235294118
33	0.706439393939
17	0.845588235294
10	0.533333333333
58	0.250453720508
9	0.5
14	0.923076923077
16	0.575
36	0.426984126984
30	0.342528735632
23	0.707509881423
36	0.649206349206
35	0.408403361345
8	0.535714285714
9	0.722222222222
15	0.409523809524
15	0.580952380952
23	0.355731225296
19	0.444444444444
11	0.4
4	0.666666666667
20	0.678947368421
10	0.266666666667
34	0.477718360071
12	0.924242424242
33	0.545454545455
10	0.422222222222
5	0.5
83	0.339700264473
16	0.441666666667
13	0.333333333333
8	0.5
15	0.514285714286
19	0.450292397661
9	0.555555555556
7	0.714285714286
33	0.441287878788
21	0.595238095238
20	0.305263157895
13	0.474358974359
31	0.701075268817
38	0.408250355619
27	0.447293447293
3	1.0
14	0.318681318681
15	0.92380952381
17	0.588235294118
17	0.470588235294
4	1.0
9	0.361111111111
14	0.901098901099
35	0.347899159664
26	0.716923076923
1	0.0
17	0.801470588235
8	1.0
22	0.471861471861
15	0.638095238095
3	1.0
42	0.491289198606
52	0.5
24	0.724637681159
16	0.941666666667
9	0.611111111111
12	0.969696969697
3	1.0
10	0.311111111111
49	0.324829931973
8	0.607142857143
44	0.478858350951
17	0.838235294118
4	0.833333333333
2	1.0
27	0.643874643875
19	0.789473684211
13	0.333333333333
47	0.360777058279
12	0.969696969697
14	0.89010989011
86	0.332147742818
3	1.0
11	0.872727272727
33	0.583333333333
7	0.380952380952
21	0.471428571429
17	0.632352941176
9	0.666666666667
76	0.292280701754
39	0.554655870445
5	0.8
8	0.75
19	0.783625730994
27	0.709401709402
15	0.32380952381
57	0.434210526316
19	0.251461988304
15	0.92380952381
10	0.577777777778
20	0.626315789474
12	0.590909090909
33	0.278409090909
20	0.757894736842
4	0.666666666667
16	0.6
11	0.472727272727
12	0.636363636364
19	0.678362573099
14	0.505494505495
37	0.528528528529
8	0.464285714286
19	0.730994152047
23	0.525691699605
37	0.492492492492
13	0.884615384615
10	0.666666666667
6	0.533333333333
65	0.402403846154
22	0.735930735931
27	0.638176638177
25	0.72
5	0.7
11	0.636363636364
12	0.984848484848
42	0.564459930314
10	0.844444444444
23	0.513833992095
24	0.579710144928
13	0.769230769231
18	0.392156862745
17	0.779411764706
8	0.892857142857
21	0.52380952381
15	0.92380952381
1	0.0
32	0.576612903226
7	0.619047619048
4	1.0
12	0.712121212121
15	0.904761904762
22	0.705627705628
13	0.846153846154
16	0.608333333333
10	0.511111111111
6	0.466666666667
6	0.666666666667
17	0.426470588235
14	0.802197802198
10	0.533333333333
6	0.8
9	0.944444444444
23	0.553359683794
11	0.981818181818
7	1.0
22	0.692640692641
9	0.388888888889
47	0.349676225717
4	0.5
38	0.509246088193
14	0.912087912088
5	1.0
50	0.4
5	0.5
13	0.448717948718
43	0.304540420819
10	0.777777777778
9	0.555555555556
17	0.588235294118
67	0.347806422433
15	0.819047619048
4	1.0
33	0.710227272727
2	1.0
3	1.0
26	0.28
3	1.0
38	0.651493598862
29	0.57881773399
5	0.5
15	0.92380952381
15	0.857142857143
21	0.614285714286
18	0.673202614379
3	1.0
7	1.0
15	0.790476190476
38	0.5320056899
15	0.647619047619
2	1.0
38	0.339971550498
25	0.626666666667
24	0.478260869565
15	0.961904761905
1	0.0
26	0.713846153846
29	0.559113300493
8	0.75
26	0.756923076923
26	0.618461538462
14	0.923076923077
7	1.0
3	1.0
27	0.621082621083
23	0.446640316206
10	0.533333333333
30	0.567816091954
33	0.507575757576
8	0.678571428571
6	0.466666666667
19	0.748538011696
15	0.714285714286
6	0.6
28	0.65873015873
1	0.0
28	0.701058201058
40	0.512820512821
2	1.0
3	1.0
49	0.515306122449
16	0.9
12	0.651515151515
39	0.527665317139
30	0.420689655172
15	0.838095238095
27	0.692307692308
18	0.692810457516
5	0.8
19	0.748538011696
3	1.0
6	0.6
2	1.0
22	0.558441558442
1	0.0
6	0.933333333333
29	0.514778325123
6	0.866666666667
19	0.643274853801
25	0.673333333333
8	0.535714285714
8	0.821428571429
61	0.373770491803
17	0.875
44	0.323467230444
19	0.707602339181
17	0.536764705882
21	0.714285714286
17	0.625
12	0.469696969697
29	0.273399014778
4	1.0
10	0.977777777778
10	0.355555555556
23	0.521739130435
13	0.692307692308
10	0.333333333333
7	0.428571428571
8	0.5
14	0.824175824176
18	0.797385620915
9	0.333333333333
19	0.707602339181
10	0.6
13	0.794871794872
19	0.304093567251
16	0.558333333333
4	0.833333333333
32	0.391129032258
13	0.974358974359
12	0.515151515152
19	0.590643274854
21	0.547619047619
5	0.8
12	0.893939393939
8	0.642857142857
45	0.544444444444
21	0.57619047619
15	0.619047619048
49	0.340986394558
35	0.531092436975
5	0.7
11	0.654545454545
43	0.498338870432
1	0.0
14	0.461538461538
49	0.483843537415
3	0.666666666667
16	0.775
21	0.371428571429
49	0.52806122449
5	0.5
6	0.733333333333
2	1.0
2	1.0
16	0.616666666667
35	0.443697478992
3	1.0
7	0.619047619048
7	1.0
8	0.785714285714
15	0.914285714286
3	0.666666666667
12	0.545454545455
14	0.648351648352
13	0.858974358974
1	0.0
26	0.295384615385
30	0.574712643678
14	0.296703296703
50	0.492244897959
27	0.287749287749
32	0.566532258065
8	0.785714285714
28	0.534391534392
37	0.363363363363
108	0.180685358255
25	0.46
12	0.757575757576
32	0.582661290323
7	0.761904761905
26	0.753846153846
22	0.558441558442
17	0.852941176471
61	0.394535519126
5	0.7
12	0.893939393939
33	0.657196969697
41	0.442682926829
8	0.535714285714
5	1.0
20	0.684210526316
2	1.0
13	0.346153846154
6	0.933333333333
5	0.9
20	0.642105263158
59	0.445353594389
22	0.575757575758
1	0.0
2	1.0
15	0.485714285714
1	0.0
11	0.963636363636
32	0.649193548387
6	0.4
37	0.632132132132
16	0.2
19	0.766081871345
11	0.709090909091
7	1.0
4	0.833333333333
19	0.561403508772
26	0.726153846154
18	0.790849673203
32	0.427419354839
26	0.538461538462
8	0.964285714286
14	0.43956043956
38	0.516358463727
14	0.912087912088
2	1.0
9	0.972222222222
55	0.375757575758
10	0.6
2	1.0
10	0.466666666667
18	0.37908496732
4	0.5
15	0.92380952381
34	0.549019607843
2	1.0
29	0.551724137931
5	0.4
10	0.511111111111
15	0.914285714286
5	0.4
24	0.507246376812
13	0.910256410256
6	0.533333333333
9	0.611111111111
13	0.384615384615
21	0.6
4	1.0
16	0.825
7	1.0
34	0.461675579323
8	0.464285714286
42	0.475029036005
18	0.666666666667
7	0.47619047619
8	0.642857142857
44	0.365750528541
26	0.698461538462
7	0.571428571429
22	0.489177489177
4	1.0
7	1.0
15	0.895238095238
18	0.816993464052
8	0.357142857143
22	0.65367965368
7	0.52380952381
15	0.828571428571
31	0.251612903226
12	0.984848484848
16	0.875
30	0.662068965517
2	1.0
7	0.809523809524
41	0.528048780488
5	0.9
43	0.512735326689
24	0.304347826087
3	0.666666666667
15	0.561904761905
47	0.332099907493
22	0.333333333333
8	0.892857142857
22	0.580086580087
10	0.688888888889
1	0.0
6	0.933333333333
14	0.527472527473
83	0.353217749045
4	1.0
11	0.727272727273
7	0.380952380952
2	1.0
25	0.753333333333
13	0.461538461538
34	0.411764705882
4	0.833333333333
32	0.4375
59	0.409117475161
12	0.30303030303
16	0.266666666667
35	0.56974789916
4	0.833333333333
4	0.833333333333
4	0.833333333333
3	1.0
24	0.521739130435
18	0.790849673203
9	0.5
2	1.0
17	0.75
7	0.714285714286
39	0.551956815115
6	0.8
15	0.628571428571
4	1.0
47	0.439407955597
16	0.716666666667
46	0.47729468599
25	0.646666666667
6	0.466666666667
47	0.430157261795
18	0.797385620915
8	0.857142857143
1	0.0
15	0.961904761905
15	0.72380952381
6	0.733333333333
4	0.666666666667
12	0.515151515152
59	0.0853302162478
8	0.892857142857
14	0.505494505495
2	1.0
1	0.0
6	0.733333333333
9	0.722222222222
2	1.0
7	0.619047619048
6	0.466666666667
4	1.0
3	0.666666666667
3	1.0
6	0.8
11	0.690909090909
9	0.472222222222
4	0.5
11	0.745454545455
14	0.461538461538
4	0.666666666667
9	0.583333333333
2	1.0
7	0.52380952381
5	1.0
10	0.533333333333
3	1.0
2	1.0
4	1.0
1	0.0
10	0.777777777778
1	0.0
4	0.833333333333
2	1.0
6	0.8
12	0.439393939394
1	0.0
4	1.0
9	0.611111111111
7	0.904761904762
8	0.75
8	0.535714285714
11	0.618181818182
1	0.0
18	0.37908496732
1	0.0
4	1.0
9	0.638888888889
7	0.52380952381
2	1.0
2	1.0
19	0.368421052632
11	0.436363636364
2	1.0
3	1.0
2	1.0
1	0.0
2	1.0
4	0.666666666667
9	0.555555555556
