0	0	0
1	0.0185689527111	0.0185689527111
2	0.0242634315425	0.0428323842535
3	0.0230255013617	0.0658578856153
4	0.0245110175786	0.0903689031939
5	0.0230255013617	0.113394404556
6	0.0242634315425	0.137657836098
7	0.0242634315425	0.161921267641
8	0.0274820500124	0.189403317653
9	0.0247586036148	0.214161921268
10	0.023520673434	0.237682594702
11	0.020054468928	0.25773706363
12	0.0203020549641	0.278039118594
13	0.0195592968557	0.297598415449
14	0.0215399851448	0.319138400594
15	0.0262441198316	0.345382520426
16	0.0203020549641	0.36568457539
17	0.0188165387472	0.384501114137
18	0.0180737806388	0.402574894776
19	0.0178261946026	0.420401089379
20	0.0155979202773	0.435999009656
21	0.0128744738797	0.448873483536
22	0.0155979202773	0.464471403813
23	0.0131220599158	0.477593463729
24	0.0148551621689	0.492448625897
25	0.0136172319881	0.506065857886
26	0.0138648180243	0.51993067591
27	0.0121317157712	0.532062391681
28	0.00916068333746	0.541223075019
29	0.00940826937361	0.550631344392
30	0.0099034414459	0.560534785838
31	0.00940826937361	0.569943055212
32	0.0108937855905	0.580836840802
33	0.00866551126516	0.589502352067
34	0.0106461995543	0.600148551622
35	0.00891309730131	0.609061648923
36	0.0106461995543	0.619707848477
37	0.0106461995543	0.630354048032
38	0.0108937855905	0.641247833622
39	0.00717999504828	0.64842782867
40	0.00668482297598	0.655112651646
41	0.00717999504828	0.662292646695
42	0.0051993067591	0.667491953454
43	0.00717999504828	0.674671948502
44	0.0051993067591	0.679871255261
45	0.0047041346868	0.684575389948
46	0.00594206486754	0.690517454816
47	0.00594206486754	0.696459519683
48	0.00594206486754	0.702401584551
49	0.00817033919287	0.710571923744
50	0.00618965090369	0.716761574647
51	0.00495172072295	0.72171329537
52	0.0047041346868	0.726417430057
53	0.00371379054221	0.730131220599
54	0.00569447883139	0.735825699431
55	0.00569447883139	0.741520178262
56	0.00445654865066	0.745976726913
57	0.00569447883139	0.751671205744
58	0.00371379054221	0.755384996286
59	0.00272344639762	0.758108442684
60	0.00445654865066	0.762564991334
61	0.00445654865066	0.767021539985
62	0.00396137657836	0.770982916564
63	0.00569447883139	0.776677395395
64	0.00321861846992	0.779896013865
65	0.00495172072295	0.784847734588
66	0.00544689279525	0.790294627383
67	0.00321861846992	0.793513245853
68	0.00396137657836	0.797474622431
69	0.00346620450607	0.800940826937
70	0.00420896261451	0.805149789552
71	0.00445654865066	0.809606338203
72	0.00371379054221	0.813320128745
73	0.00247586036148	0.815795989106
74	0.00247586036148	0.818271849468
75	0.00198068828918	0.820252537757
76	0.00371379054221	0.823966328299
77	0.00247586036148	0.826442188661
78	0.00272344639762	0.829165635058
79	0.00396137657836	0.833127011637
80	0.00198068828918	0.835107699926
81	0.00099034414459	0.83609804407
82	0.00297103243377	0.839069076504
83	0.00420896261451	0.843278039119
84	0.00297103243377	0.846249071552
85	0.00247586036148	0.848724931914
86	0.00222827432533	0.850953206239
87	0.00123793018074	0.85219113642
88	0.00222827432533	0.854419410745
89	0.00222827432533	0.856647685071
90	0.00173310225303	0.858380787324
91	0.00222827432533	0.860609061649
92	0.00247586036148	0.86308492201
93	0.00272344639762	0.865808368408
94	0.00173310225303	0.867541470661
95	0.00222827432533	0.869769744986
96	0.00272344639762	0.872493191384
97	0.00198068828918	0.874473879673
98	0.00123793018074	0.875711809854
99	0.00272344639762	0.878435256252
100	0.00247586036148	0.880911116613
101	0.00099034414459	0.881901460758
102	0.00222827432533	0.884129735083
103	0.00148551621689	0.8856152513
104	0.00148551621689	0.887100767517
105	0.00173310225303	0.88883386977
106	0.00222827432533	0.891062144095
107	0.00222827432533	0.89329041842
108	0.00148551621689	0.894775934637
109	0.00222827432533	0.897004208963
110	0.00099034414459	0.897994553107
111	0.000247586036148	0.898242139143
112	0.00173310225303	0.899975241396
113	0.00198068828918	0.901955929686
114	0.00099034414459	0.90294627383
115	0.00247586036148	0.905422134192
116	0.00148551621689	0.906907650409
117	0.00222827432533	0.909135924734
118	0	0.909135924734
119	0.00099034414459	0.910126268878
120	0.00123793018074	0.911364199059
121	0.00148551621689	0.912849715276
122	0.00297103243377	0.91582074771
123	0.00272344639762	0.918544194107
124	0.00222827432533	0.920772468433
125	0.00123793018074	0.922010398614
126	0.00148551621689	0.92349591483
127	0.00099034414459	0.924486258975
128	0.00123793018074	0.925724189156
129	0.00099034414459	0.9267145333
130	0.00148551621689	0.928200049517
131	0.00148551621689	0.929685565734
132	0.00099034414459	0.930675909879
133	0.000742758108443	0.931418667987
134	0.000742758108443	0.932161426096
135	0.00173310225303	0.933894528349
136	0.00099034414459	0.934884872493
137	0.00123793018074	0.936122802674
138	0.000495172072295	0.936617974746
139	0.00123793018074	0.937855904927
140	0.000742758108443	0.938598663035
141	0.00173310225303	0.940331765288
142	0.00173310225303	0.942064867541
143	0	0.942064867541
144	0.000247586036148	0.942312453578
145	0.000742758108443	0.943055211686
146	0.00123793018074	0.944293141867
147	0.00148551621689	0.945778658084
148	0.000742758108443	0.946521416192
149	0.000247586036148	0.946769002228
150	0.000495172072295	0.947264174301
151	0.00123793018074	0.948502104481
152	0.00099034414459	0.949492448626
153	0.000495172072295	0.949987620698
154	0.00099034414459	0.950977964843
155	0.00123793018074	0.952215895024
156	0.00148551621689	0.95370141124
157	0.000247586036148	0.953948997277
158	0.00123793018074	0.955186927457
159	0.000742758108443	0.955929685566
160	0.00148551621689	0.957415201783
161	0.00099034414459	0.958405545927
162	0.000495172072295	0.958900718
163	0.000247586036148	0.959148304036
164	0.00099034414459	0.96013864818
165	0.00123793018074	0.961376578361
166	0.00099034414459	0.962366922506
167	0.000495172072295	0.962862094578
168	0.00123793018074	0.964100024759
169	0.000742758108443	0.964842782867
170	0.000742758108443	0.965585540975
171	0.000742758108443	0.966328299084
172	0.000742758108443	0.967071057192
173	0.00148551621689	0.968556573409
174	0.000495172072295	0.969051745482
175	0.000495172072295	0.969546917554
176	0.00099034414459	0.970537261698
177	0.00099034414459	0.971527605843
178	0.00123793018074	0.972765536024
179	0.000742758108443	0.973508294132
180	0.000495172072295	0.974003466205
181	0.000495172072295	0.974498638277
182	0.00123793018074	0.975736568458
183	0.000742758108443	0.976479326566
184	0.000742758108443	0.977222084674
185	0.00099034414459	0.978212428819
186	0.00099034414459	0.979202772964
187	0.00099034414459	0.980193117108
188	0.00099034414459	0.981183461253
189	0.000742758108443	0.981926219361
190	0.00148551621689	0.983411735578
191	0.00099034414459	0.984402079723
192	0.000495172072295	0.984897251795
193	0.000742758108443	0.985640009903
194	0.000247586036148	0.98588759594
195	0.00099034414459	0.986877940084
196	0.000495172072295	0.987373112156
197	0.000742758108443	0.988115870265
198	0.00123793018074	0.989353800446
199	0.000495172072295	0.989848972518
200	0.000247586036148	0.990096558554
201	0.00099034414459	0.991086902699
202	0.000495172072295	0.991582074771
203	0.000495172072295	0.992077246843
204	0.000247586036148	0.992324832879
205	0.00099034414459	0.993315177024
206	0	0.993315177024
207	0.000742758108443	0.994057935132
208	0	0.994057935132
209	0.000247586036148	0.994305521169
210	0.000247586036148	0.994553107205
211	0.000247586036148	0.994800693241
212	0	0.994800693241
213	0	0.994800693241
214	0	0.994800693241
215	0	0.994800693241
216	0	0.994800693241
217	0.000247586036148	0.995048279277
218	0	0.995048279277
219	0	0.995048279277
220	0.000247586036148	0.995295865313
221	0.000247586036148	0.995543451349
222	0.000247586036148	0.995791037385
223	0.000247586036148	0.996038623422
224	0.000247586036148	0.996286209458
225	0	0.996286209458
226	0.000247586036148	0.996533795494
227	0	0.996533795494
228	0	0.996533795494
229	0.000247586036148	0.99678138153
230	0	0.99678138153
231	0.000247586036148	0.997028967566
232	0	0.997028967566
233	0	0.997028967566
234	0.000495172072295	0.997524139639
235	0.000247586036148	0.997771725675
236	0	0.997771725675
237	0	0.997771725675
238	0	0.997771725675
239	0	0.997771725675
240	0	0.997771725675
241	0	0.997771725675
242	0	0.997771725675
243	0	0.997771725675
244	0	0.997771725675
245	0.000247586036148	0.998019311711
246	0	0.998019311711
247	0	0.998019311711
248	0	0.998019311711
249	0	0.998019311711
250	0	0.998019311711
251	0	0.998019311711
252	0	0.998019311711
253	0	0.998019311711
254	0.000247586036148	0.998266897747
255	0	0.998266897747
256	0	0.998266897747
257	0	0.998266897747
258	0	0.998266897747
259	0	0.998266897747
260	0	0.998266897747
261	0	0.998266897747
262	0	0.998266897747
263	0	0.998266897747
264	0	0.998266897747
265	0	0.998266897747
266	0	0.998266897747
267	0	0.998266897747
268	0	0.998266897747
269	0	0.998266897747
270	0	0.998266897747
271	0	0.998266897747
272	0	0.998266897747
273	0	0.998266897747
274	0	0.998266897747
275	0	0.998266897747
276	0	0.998266897747
277	0	0.998266897747
278	0	0.998266897747
279	0	0.998266897747
280	0	0.998266897747
281	0	0.998266897747
282	0	0.998266897747
283	0	0.998266897747
284	0	0.998266897747
285	0	0.998266897747
286	0	0.998266897747
287	0	0.998266897747
288	0	0.998266897747
289	0	0.998266897747
290	0	0.998266897747
291	0.000247586036148	0.998514483783
292	0	0.998514483783
293	0	0.998514483783
294	0.000247586036148	0.998762069819
295	0	0.998762069819
296	0	0.998762069819
297	0	0.998762069819
298	0	0.998762069819
299	0	0.998762069819
300	0	0.998762069819
301	0	0.998762069819
302	0	0.998762069819
303	0	0.998762069819
304	0	0.998762069819
305	0	0.998762069819
306	0	0.998762069819
307	0	0.998762069819
308	0	0.998762069819
309	0	0.998762069819
310	0	0.998762069819
311	0	0.998762069819
312	0	0.998762069819
313	0	0.998762069819
314	0	0.998762069819
315	0	0.998762069819
316	0	0.998762069819
317	0	0.998762069819
318	0	0.998762069819
319	0	0.998762069819
320	0	0.998762069819
321	0	0.998762069819
322	0	0.998762069819
323	0	0.998762069819
324	0	0.998762069819
325	0	0.998762069819
326	0	0.998762069819
327	0	0.998762069819
328	0	0.998762069819
329	0	0.998762069819
330	0	0.998762069819
331	0	0.998762069819
332	0	0.998762069819
333	0	0.998762069819
334	0	0.998762069819
335	0	0.998762069819
336	0	0.998762069819
337	0	0.998762069819
338	0	0.998762069819
339	0	0.998762069819
340	0	0.998762069819
341	0	0.998762069819
342	0	0.998762069819
343	0	0.998762069819
344	0	0.998762069819
345	0	0.998762069819
346	0	0.998762069819
347	0.000247586036148	0.999009655855
348	0	0.999009655855
349	0	0.999009655855
350	0	0.999009655855
351	0	0.999009655855
352	0	0.999009655855
353	0	0.999009655855
354	0	0.999009655855
355	0	0.999009655855
356	0	0.999009655855
357	0	0.999009655855
358	0	0.999009655855
359	0	0.999009655855
360	0	0.999009655855
361	0	0.999009655855
362	0	0.999009655855
363	0	0.999009655855
364	0	0.999009655855
365	0	0.999009655855
366	0	0.999009655855
367	0	0.999009655855
368	0	0.999009655855
369	0	0.999009655855
370	0	0.999009655855
371	0	0.999009655855
372	0	0.999009655855
373	0	0.999009655855
374	0	0.999009655855
375	0	0.999009655855
376	0	0.999009655855
377	0	0.999009655855
378	0	0.999009655855
379	0	0.999009655855
380	0	0.999009655855
381	0	0.999009655855
382	0	0.999009655855
383	0	0.999009655855
384	0	0.999009655855
385	0	0.999009655855
386	0	0.999009655855
387	0	0.999009655855
388	0	0.999009655855
389	0	0.999009655855
390	0	0.999009655855
391	0	0.999009655855
392	0	0.999009655855
393	0	0.999009655855
394	0	0.999009655855
395	0	0.999009655855
396	0	0.999009655855
397	0	0.999009655855
398	0	0.999009655855
399	0	0.999009655855
400	0	0.999009655855
401	0	0.999009655855
402	0	0.999009655855
403	0	0.999009655855
404	0	0.999009655855
405	0	0.999009655855
406	0	0.999009655855
407	0	0.999009655855
408	0	0.999009655855
409	0	0.999009655855
410	0	0.999009655855
411	0	0.999009655855
412	0	0.999009655855
413	0	0.999009655855
414	0	0.999009655855
415	0	0.999009655855
416	0	0.999009655855
417	0	0.999009655855
418	0	0.999009655855
419	0	0.999009655855
420	0	0.999009655855
421	0	0.999009655855
422	0	0.999009655855
423	0	0.999009655855
424	0	0.999009655855
425	0	0.999009655855
426	0	0.999009655855
427	0	0.999009655855
428	0	0.999009655855
429	0	0.999009655855
430	0	0.999009655855
431	0	0.999009655855
432	0	0.999009655855
433	0	0.999009655855
434	0	0.999009655855
435	0	0.999009655855
436	0	0.999009655855
437	0	0.999009655855
438	0	0.999009655855
439	0	0.999009655855
440	0	0.999009655855
441	0	0.999009655855
442	0	0.999009655855
443	0	0.999009655855
444	0	0.999009655855
445	0	0.999009655855
446	0	0.999009655855
447	0	0.999009655855
448	0	0.999009655855
449	0	0.999009655855
450	0	0.999009655855
451	0	0.999009655855
452	0	0.999009655855
453	0	0.999009655855
454	0	0.999009655855
455	0	0.999009655855
456	0	0.999009655855
457	0	0.999009655855
458	0	0.999009655855
459	0	0.999009655855
460	0	0.999009655855
461	0	0.999009655855
462	0	0.999009655855
463	0	0.999009655855
464	0	0.999009655855
465	0	0.999009655855
466	0	0.999009655855
467	0	0.999009655855
468	0	0.999009655855
469	0	0.999009655855
470	0	0.999009655855
471	0	0.999009655855
472	0	0.999009655855
473	0	0.999009655855
474	0	0.999009655855
475	0	0.999009655855
476	0	0.999009655855
477	0	0.999009655855
478	0	0.999009655855
479	0	0.999009655855
480	0	0.999009655855
481	0	0.999009655855
482	0	0.999009655855
483	0	0.999009655855
484	0	0.999009655855
485	0	0.999009655855
486	0	0.999009655855
487	0	0.999009655855
488	0	0.999009655855
489	0	0.999009655855
490	0	0.999009655855
491	0	0.999009655855
492	0	0.999009655855
493	0	0.999009655855
494	0	0.999009655855
495	0	0.999009655855
496	0	0.999009655855
497	0	0.999009655855
498	0	0.999009655855
499	0	0.999009655855
500	0	0.999009655855
501	0	0.999009655855
502	0	0.999009655855
503	0	0.999009655855
504	0	0.999009655855
505	0	0.999009655855
506	0	0.999009655855
507	0	0.999009655855
508	0	0.999009655855
509	0	0.999009655855
510	0	0.999009655855
511	0	0.999009655855
512	0	0.999009655855
513	0	0.999009655855
514	0	0.999009655855
515	0	0.999009655855
516	0	0.999009655855
517	0	0.999009655855
518	0	0.999009655855
519	0	0.999009655855
520	0	0.999009655855
521	0	0.999009655855
522	0	0.999009655855
523	0	0.999009655855
524	0	0.999009655855
525	0	0.999009655855
526	0	0.999009655855
527	0	0.999009655855
528	0	0.999009655855
529	0	0.999009655855
530	0	0.999009655855
531	0	0.999009655855
532	0	0.999009655855
533	0	0.999009655855
534	0	0.999009655855
535	0	0.999009655855
536	0	0.999009655855
537	0	0.999009655855
538	0	0.999009655855
539	0	0.999009655855
540	0	0.999009655855
541	0	0.999009655855
542	0	0.999009655855
543	0	0.999009655855
544	0	0.999009655855
545	0	0.999009655855
546	0	0.999009655855
547	0.000247586036148	0.999257241892
548	0	0.999257241892
549	0	0.999257241892
550	0	0.999257241892
551	0	0.999257241892
552	0	0.999257241892
553	0	0.999257241892
554	0	0.999257241892
555	0	0.999257241892
556	0	0.999257241892
557	0	0.999257241892
558	0	0.999257241892
559	0	0.999257241892
560	0	0.999257241892
561	0	0.999257241892
562	0	0.999257241892
563	0	0.999257241892
564	0	0.999257241892
565	0	0.999257241892
566	0	0.999257241892
567	0	0.999257241892
568	0	0.999257241892
569	0	0.999257241892
570	0	0.999257241892
571	0	0.999257241892
572	0	0.999257241892
573	0	0.999257241892
574	0	0.999257241892
575	0	0.999257241892
576	0	0.999257241892
577	0	0.999257241892
578	0	0.999257241892
579	0	0.999257241892
580	0	0.999257241892
581	0	0.999257241892
582	0	0.999257241892
583	0	0.999257241892
584	0	0.999257241892
585	0	0.999257241892
586	0	0.999257241892
587	0	0.999257241892
588	0	0.999257241892
589	0	0.999257241892
590	0	0.999257241892
591	0	0.999257241892
592	0	0.999257241892
593	0	0.999257241892
594	0	0.999257241892
595	0	0.999257241892
596	0	0.999257241892
597	0	0.999257241892
598	0	0.999257241892
599	0	0.999257241892
600	0	0.999257241892
601	0	0.999257241892
602	0	0.999257241892
603	0	0.999257241892
604	0	0.999257241892
605	0	0.999257241892
606	0	0.999257241892
607	0	0.999257241892
608	0	0.999257241892
609	0	0.999257241892
610	0	0.999257241892
611	0	0.999257241892
612	0	0.999257241892
613	0	0.999257241892
614	0	0.999257241892
615	0	0.999257241892
616	0	0.999257241892
617	0	0.999257241892
618	0	0.999257241892
619	0	0.999257241892
620	0	0.999257241892
621	0	0.999257241892
622	0	0.999257241892
623	0	0.999257241892
624	0	0.999257241892
625	0	0.999257241892
626	0	0.999257241892
627	0	0.999257241892
628	0	0.999257241892
629	0	0.999257241892
630	0	0.999257241892
631	0	0.999257241892
632	0	0.999257241892
633	0	0.999257241892
634	0	0.999257241892
635	0	0.999257241892
636	0	0.999257241892
637	0	0.999257241892
638	0	0.999257241892
639	0	0.999257241892
640	0	0.999257241892
641	0	0.999257241892
642	0	0.999257241892
643	0	0.999257241892
644	0	0.999257241892
645	0	0.999257241892
646	0	0.999257241892
647	0	0.999257241892
648	0	0.999257241892
649	0	0.999257241892
650	0	0.999257241892
651	0	0.999257241892
652	0	0.999257241892
653	0	0.999257241892
654	0	0.999257241892
655	0	0.999257241892
656	0	0.999257241892
657	0	0.999257241892
658	0	0.999257241892
659	0	0.999257241892
660	0	0.999257241892
661	0	0.999257241892
662	0	0.999257241892
663	0	0.999257241892
664	0	0.999257241892
665	0	0.999257241892
666	0	0.999257241892
667	0	0.999257241892
668	0	0.999257241892
669	0	0.999257241892
670	0	0.999257241892
671	0	0.999257241892
672	0	0.999257241892
673	0	0.999257241892
674	0	0.999257241892
675	0	0.999257241892
676	0	0.999257241892
677	0	0.999257241892
678	0	0.999257241892
679	0	0.999257241892
680	0	0.999257241892
681	0	0.999257241892
682	0	0.999257241892
683	0	0.999257241892
684	0	0.999257241892
685	0	0.999257241892
686	0	0.999257241892
687	0	0.999257241892
688	0	0.999257241892
689	0	0.999257241892
690	0	0.999257241892
691	0	0.999257241892
692	0	0.999257241892
693	0	0.999257241892
694	0	0.999257241892
695	0	0.999257241892
696	0	0.999257241892
697	0	0.999257241892
698	0	0.999257241892
699	0	0.999257241892
700	0	0.999257241892
701	0	0.999257241892
702	0	0.999257241892
703	0	0.999257241892
704	0	0.999257241892
705	0	0.999257241892
706	0	0.999257241892
707	0	0.999257241892
708	0	0.999257241892
709	0	0.999257241892
710	0	0.999257241892
711	0	0.999257241892
712	0	0.999257241892
713	0	0.999257241892
714	0	0.999257241892
715	0	0.999257241892
716	0	0.999257241892
717	0	0.999257241892
718	0	0.999257241892
719	0	0.999257241892
720	0	0.999257241892
721	0	0.999257241892
722	0	0.999257241892
723	0	0.999257241892
724	0	0.999257241892
725	0	0.999257241892
726	0	0.999257241892
727	0	0.999257241892
728	0	0.999257241892
729	0	0.999257241892
730	0	0.999257241892
731	0	0.999257241892
732	0	0.999257241892
733	0	0.999257241892
734	0	0.999257241892
735	0	0.999257241892
736	0	0.999257241892
737	0	0.999257241892
738	0	0.999257241892
739	0	0.999257241892
740	0	0.999257241892
741	0	0.999257241892
742	0	0.999257241892
743	0	0.999257241892
744	0	0.999257241892
745	0	0.999257241892
746	0	0.999257241892
747	0	0.999257241892
748	0	0.999257241892
749	0	0.999257241892
750	0	0.999257241892
751	0	0.999257241892
752	0	0.999257241892
753	0	0.999257241892
754	0	0.999257241892
755	0.000247586036148	0.999504827928
756	0	0.999504827928
757	0	0.999504827928
758	0	0.999504827928
759	0	0.999504827928
760	0	0.999504827928
761	0	0.999504827928
762	0	0.999504827928
763	0	0.999504827928
764	0	0.999504827928
765	0	0.999504827928
766	0	0.999504827928
767	0	0.999504827928
768	0	0.999504827928
769	0	0.999504827928
770	0	0.999504827928
771	0	0.999504827928
772	0	0.999504827928
773	0	0.999504827928
774	0	0.999504827928
775	0	0.999504827928
776	0	0.999504827928
777	0	0.999504827928
778	0	0.999504827928
779	0	0.999504827928
780	0	0.999504827928
781	0	0.999504827928
782	0	0.999504827928
783	0	0.999504827928
784	0	0.999504827928
785	0	0.999504827928
786	0	0.999504827928
787	0	0.999504827928
788	0	0.999504827928
789	0	0.999504827928
790	0	0.999504827928
791	0	0.999504827928
792	0.000247586036148	0.999752413964
793	0	0.999752413964
794	0	0.999752413964
795	0	0.999752413964
796	0	0.999752413964
797	0	0.999752413964
798	0	0.999752413964
799	0	0.999752413964
800	0	0.999752413964
801	0	0.999752413964
802	0	0.999752413964
803	0	0.999752413964
804	0	0.999752413964
805	0	0.999752413964
806	0	0.999752413964
807	0	0.999752413964
808	0	0.999752413964
809	0	0.999752413964
810	0	0.999752413964
811	0	0.999752413964
812	0	0.999752413964
813	0	0.999752413964
814	0	0.999752413964
815	0	0.999752413964
816	0	0.999752413964
817	0	0.999752413964
818	0	0.999752413964
819	0	0.999752413964
820	0	0.999752413964
821	0	0.999752413964
822	0	0.999752413964
823	0	0.999752413964
824	0	0.999752413964
825	0	0.999752413964
826	0	0.999752413964
827	0	0.999752413964
828	0	0.999752413964
829	0	0.999752413964
830	0	0.999752413964
831	0	0.999752413964
832	0	0.999752413964
833	0	0.999752413964
834	0	0.999752413964
835	0	0.999752413964
836	0	0.999752413964
837	0	0.999752413964
838	0	0.999752413964
839	0	0.999752413964
840	0	0.999752413964
841	0	0.999752413964
842	0	0.999752413964
843	0	0.999752413964
844	0	0.999752413964
845	0	0.999752413964
846	0	0.999752413964
847	0	0.999752413964
848	0	0.999752413964
849	0	0.999752413964
850	0	0.999752413964
851	0	0.999752413964
852	0	0.999752413964
853	0	0.999752413964
854	0	0.999752413964
855	0	0.999752413964
856	0	0.999752413964
857	0	0.999752413964
858	0	0.999752413964
859	0	0.999752413964
860	0	0.999752413964
861	0	0.999752413964
862	0	0.999752413964
863	0	0.999752413964
864	0	0.999752413964
865	0	0.999752413964
866	0	0.999752413964
867	0	0.999752413964
868	0	0.999752413964
869	0	0.999752413964
870	0	0.999752413964
871	0	0.999752413964
872	0	0.999752413964
873	0	0.999752413964
874	0	0.999752413964
875	0	0.999752413964
876	0	0.999752413964
877	0	0.999752413964
878	0	0.999752413964
879	0	0.999752413964
880	0	0.999752413964
881	0	0.999752413964
882	0	0.999752413964
883	0	0.999752413964
884	0	0.999752413964
885	0	0.999752413964
886	0	0.999752413964
887	0	0.999752413964
888	0	0.999752413964
889	0	0.999752413964
890	0	0.999752413964
891	0	0.999752413964
892	0	0.999752413964
893	0	0.999752413964
894	0	0.999752413964
895	0	0.999752413964
896	0	0.999752413964
897	0	0.999752413964
898	0	0.999752413964
899	0	0.999752413964
900	0	0.999752413964
901	0	0.999752413964
902	0	0.999752413964
903	0	0.999752413964
904	0	0.999752413964
905	0	0.999752413964
906	0	0.999752413964
907	0	0.999752413964
908	0	0.999752413964
909	0	0.999752413964
910	0	0.999752413964
911	0	0.999752413964
912	0	0.999752413964
913	0	0.999752413964
914	0	0.999752413964
915	0	0.999752413964
916	0	0.999752413964
917	0	0.999752413964
918	0	0.999752413964
919	0	0.999752413964
920	0	0.999752413964
921	0	0.999752413964
922	0	0.999752413964
923	0	0.999752413964
924	0	0.999752413964
925	0	0.999752413964
926	0	0.999752413964
927	0	0.999752413964
928	0	0.999752413964
929	0	0.999752413964
930	0	0.999752413964
931	0	0.999752413964
932	0	0.999752413964
933	0	0.999752413964
934	0	0.999752413964
935	0	0.999752413964
936	0	0.999752413964
937	0	0.999752413964
938	0	0.999752413964
939	0	0.999752413964
940	0	0.999752413964
941	0	0.999752413964
942	0	0.999752413964
943	0	0.999752413964
944	0	0.999752413964
945	0	0.999752413964
946	0	0.999752413964
947	0	0.999752413964
948	0	0.999752413964
949	0	0.999752413964
950	0	0.999752413964
951	0	0.999752413964
952	0	0.999752413964
953	0	0.999752413964
954	0	0.999752413964
955	0	0.999752413964
956	0	0.999752413964
957	0	0.999752413964
958	0	0.999752413964
959	0	0.999752413964
960	0	0.999752413964
961	0	0.999752413964
962	0	0.999752413964
963	0	0.999752413964
964	0	0.999752413964
965	0	0.999752413964
966	0	0.999752413964
967	0	0.999752413964
968	0	0.999752413964
969	0	0.999752413964
970	0	0.999752413964
971	0	0.999752413964
972	0	0.999752413964
973	0	0.999752413964
974	0	0.999752413964
975	0	0.999752413964
976	0	0.999752413964
977	0	0.999752413964
978	0	0.999752413964
979	0	0.999752413964
980	0	0.999752413964
981	0	0.999752413964
982	0	0.999752413964
983	0	0.999752413964
984	0	0.999752413964
985	0	0.999752413964
986	0	0.999752413964
987	0	0.999752413964
988	0	0.999752413964
989	0	0.999752413964
990	0	0.999752413964
991	0	0.999752413964
992	0	0.999752413964
993	0	0.999752413964
994	0	0.999752413964
995	0	0.999752413964
996	0	0.999752413964
997	0	0.999752413964
998	0	0.999752413964
999	0	0.999752413964
1000	0	0.999752413964
1001	0	0.999752413964
1002	0	0.999752413964
1003	0	0.999752413964
1004	0	0.999752413964
1005	0	0.999752413964
1006	0	0.999752413964
1007	0	0.999752413964
1008	0	0.999752413964
1009	0	0.999752413964
1010	0	0.999752413964
1011	0	0.999752413964
1012	0	0.999752413964
1013	0	0.999752413964
1014	0	0.999752413964
1015	0	0.999752413964
1016	0	0.999752413964
1017	0	0.999752413964
1018	0	0.999752413964
1019	0	0.999752413964
1020	0	0.999752413964
1021	0	0.999752413964
1022	0	0.999752413964
1023	0	0.999752413964
1024	0	0.999752413964
1025	0	0.999752413964
1026	0	0.999752413964
1027	0	0.999752413964
1028	0	0.999752413964
1029	0	0.999752413964
1030	0	0.999752413964
1031	0	0.999752413964
1032	0	0.999752413964
1033	0	0.999752413964
1034	0	0.999752413964
1035	0	0.999752413964
1036	0	0.999752413964
1037	0	0.999752413964
1038	0	0.999752413964
1039	0	0.999752413964
1040	0	0.999752413964
1041	0	0.999752413964
1042	0	0.999752413964
1043	0	0.999752413964
1044	0	0.999752413964
1045	0.000247586036148	1.0
