1	13
2	30
3	31
4	50
5	65
6	64
7	99
8	74
9	91
10	96
11	95
12	98
13	99
14	107
15	107
16	86
17	86
18	92
19	100
20	98
21	90
22	79
23	86
24	83
25	70
26	75
27	66
28	54
29	52
30	62
31	68
32	50
33	50
34	62
35	51
36	49
37	53
38	50
39	47
40	43
41	45
42	42
43	41
44	27
45	28
46	41
47	40
48	40
49	35
50	37
51	28
52	25
53	34
54	33
55	26
56	25
57	25
58	24
59	25
60	28
61	28
62	26
63	25
64	19
65	15
66	23
67	25
68	38
69	29
70	15
71	4
72	18
73	11
74	16
75	10
76	17
77	25
78	16
79	15
80	13
81	14
82	11
83	12
84	12
85	11
86	10
87	10
88	9
89	7
90	12
91	10
92	10
93	10
94	13
95	8
96	7
97	6
98	13
99	8
100	9
101	6
102	13
103	7
104	8
105	11
106	11
107	4
108	8
109	9
110	6
111	8
112	3
113	3
114	6
115	2
116	4
117	7
118	7
119	7
120	12
121	6
122	7
123	7
124	9
125	2
126	5
127	6
128	2
129	3
130	6
131	5
132	5
133	2
134	10
135	5
136	4
137	2
138	1
139	4
140	6
141	2
142	4
143	2
144	2
145	1
146	4
147	6
148	1
149	4
150	3
151	3
153	1
154	5
155	4
156	1
157	3
158	3
159	4
160	1
161	3
162	2
163	4
164	1
165	3
166	1
167	1
168	3
169	1
170	3
171	1
172	3
173	2
174	1
175	3
176	4
178	2
179	3
180	1
181	1
182	2
183	1
184	3
185	1
186	1
187	5
188	1
189	3
190	1
191	2
192	1
193	2
194	3
196	2
197	2
198	2
200	2
201	1
202	1
203	1
204	1
205	2
208	1
209	2
210	4
211	1
213	1
214	3
215	2
216	2
217	4
219	1
220	3
221	3
223	1
224	4
225	1
226	1
228	2
229	1
231	1
234	1
235	2
236	2
238	1
239	1
240	1
241	4
244	2
245	1
246	1
248	1
253	1
254	1
255	5
257	1
259	2
260	1
261	1
263	1
264	2
267	1
269	1
270	1
271	1
272	1
277	1
279	1
280	2
281	2
285	1
286	1
290	1
291	1
292	1
293	1
294	1
298	1
302	2
303	1
306	1
307	2
308	1
313	1
322	1
331	1
341	2
343	1
346	1
349	1
352	1
354	1
360	1
372	1
375	1
376	1
381	1
385	1
387	2
388	1
389	1
390	2
392	1
399	2
405	1
407	1
412	1
420	1
421	1
432	1
444	1
450	1
453	2
458	1
472	1
486	1
487	1
494	1
521	1
544	1
586	1
625	1
628	1
634	1
635	1
649	1
671	1
689	2
692	1
716	1
870	1
912	1
923	1
1044	1
1092	1
1140	1
1845	1
