0	457
1	442
2	308
3	281
4	200
5	173
6	160
7	172
8	126
9	121
10	107
11	87
12	83
13	86
14	69
15	82
16	68
17	65
18	58
19	51
20	66
21	40
22	37
23	47
24	37
25	40
26	34
27	32
28	24
29	28
30	27
31	23
32	29
33	18
34	25
35	19
36	15
37	28
38	20
39	23
40	13
41	17
42	20
43	28
44	14
45	16
46	13
47	13
48	20
49	12
50	15
51	8
52	11
53	14
54	19
55	10
56	11
57	10
58	9
59	16
60	13
61	9
62	13
63	13
64	7
65	14
66	8
67	6
68	9
69	7
70	5
71	7
72	14
73	6
74	5
75	6
76	13
77	9
78	3
79	8
80	6
81	6
82	3
83	4
84	8
85	11
86	6
87	6
88	2
89	5
90	4
91	2
92	1
93	4
94	3
95	3
96	1
97	8
98	3
99	7
100	4
101	1
102	2
103	3
104	4
105	5
106	4
107	4
108	2
109	5
110	4
111	1
114	3
115	2
116	5
118	3
119	1
120	2
121	3
122	3
123	2
124	2
125	2
126	2
127	2
128	4
129	2
131	3
133	2
134	2
135	1
138	3
140	2
142	2
143	1
144	2
145	2
146	3
147	1
149	2
151	2
153	1
154	1
155	2
156	2
157	2
158	1
159	1
163	2
164	2
165	2
166	1
168	2
170	1
171	2
172	2
173	2
175	1
179	1
180	1
181	3
182	1
183	1
185	2
189	2
190	1
191	1
192	1
197	1
199	1
200	1
202	1
204	1
205	1
209	1
215	1
218	2
220	1
223	1
225	1
228	1
230	2
232	1
236	1
237	1
239	1
241	1
244	1
246	2
248	2
249	2
250	1
251	1
261	1
268	1
269	1
274	1
285	1
286	1
288	1
291	1
293	1
295	2
301	1
306	1
308	1
311	1
314	1
317	1
319	1
324	1
331	1
338	2
342	2
343	1
351	1
357	1
362	1
404	1
410	1
443	1
477	1
492	1
496	1
519	1
520	1
539	1
550	1
563	1
571	1
573	1
587	1
598	1
611	1
743	1
751	2
933	1
959	1
972	1
1551	1
