1	16
2	35
3	39
4	58
5	74
6	85
7	103
8	90
9	91
10	117
11	120
12	91
13	123
14	107
15	126
16	107
17	107
18	106
19	91
20	116
21	83
22	73
23	88
24	73
25	60
26	71
27	67
28	67
29	63
30	63
31	62
32	51
33	51
34	53
35	56
36	53
37	45
38	48
39	46
40	36
41	38
42	40
43	34
44	34
45	30
46	41
47	42
48	33
49	31
50	28
51	31
52	35
53	24
54	27
55	36
56	26
57	25
58	28
59	20
60	31
61	16
62	20
63	21
64	20
65	22
66	28
67	16
68	9
69	20
70	16
71	18
72	12
73	17
74	16
75	18
76	16
77	15
78	14
79	9
80	10
81	13
82	9
83	5
84	13
85	8
86	11
87	7
88	10
89	12
90	9
91	9
92	11
93	5
94	10
95	6
96	11
97	6
98	6
99	11
100	5
101	12
102	6
103	7
104	7
105	8
106	6
107	9
108	5
109	9
110	7
111	7
112	6
113	8
114	7
115	5
116	1
117	3
118	6
119	2
120	8
121	6
122	9
123	3
124	4
125	4
126	3
127	4
128	5
129	1
130	3
131	3
132	6
133	3
135	4
136	2
138	4
139	4
141	1
142	3
143	4
144	1
145	4
146	4
147	1
148	5
150	2
151	5
152	4
153	4
154	2
155	2
156	1
157	4
158	1
159	3
160	3
161	2
163	1
164	1
165	1
166	3
167	5
168	3
169	1
170	2
171	1
172	1
173	2
174	3
175	4
178	2
179	2
180	2
181	3
182	1
183	1
184	3
185	3
186	1
187	1
188	1
189	1
190	2
191	2
192	1
194	1
195	2
197	2
198	2
199	3
200	1
202	1
203	1
204	3
205	1
207	2
208	2
209	1
211	1
213	1
214	3
215	1
216	1
217	1
218	2
219	1
220	1
223	1
225	1
226	1
227	2
229	1
231	2
232	2
233	1
237	1
239	1
243	2
244	1
245	1
248	1
251	4
252	1
254	1
255	1
257	1
259	1
265	1
266	1
267	1
269	1
272	1
274	1
276	1
278	1
284	1
291	1
297	1
299	2
300	1
303	1
304	1
305	2
311	1
314	1
317	1
319	1
325	1
329	1
332	1
333	1
339	1
347	1
349	2
354	1
355	1
360	2
361	1
363	1
365	1
367	3
376	1
394	2
395	1
415	1
430	1
453	1
455	1
461	1
501	1
530	1
536	1
559	1
568	1
572	1
580	1
590	1
592	1
616	1
618	1
629	1
630	1
771	1
794	1
816	1
979	1
995	1
1046	1
1621	1
