0	5
1	22
2	47
3	60
4	86
5	110
6	126
7	133
8	136
9	150
10	154
11	163
12	151
13	156
14	164
15	128
16	157
17	124
18	119
19	118
20	110
21	101
22	107
23	109
24	96
25	74
26	91
27	72
28	68
29	82
30	59
31	73
32	59
33	58
34	57
35	46
36	40
37	42
38	40
39	44
40	45
41	40
42	33
43	39
44	41
45	41
46	26
47	29
48	35
49	28
50	25
51	23
52	17
53	17
54	26
55	18
56	20
57	22
58	12
59	7
60	16
61	12
62	10
63	13
64	11
65	9
66	8
67	8
68	12
69	4
70	4
71	8
72	8
73	4
74	7
75	4
76	2
77	5
78	5
79	7
80	4
81	2
82	3
83	2
84	4
85	6
86	4
87	7
88	2
89	5
90	4
91	4
92	2
93	3
94	1
95	1
96	3
97	1
98	4
99	3
100	2
101	5
102	2
103	1
105	2
107	1
108	3
109	3
111	1
112	3
113	4
114	2
116	2
118	3
119	2
121	1
122	1
124	1
125	1
126	1
129	3
131	1
132	1
133	2
134	2
137	3
138	1
139	2
140	1
144	1
145	2
147	1
148	1
151	2
155	2
156	1
159	1
160	2
162	1
163	1
167	1
168	1
169	2
172	2
180	1
186	1
191	1
192	1
207	1
212	1
216	1
236	1
244	1
255	1
294	1
